  single point
     ssr2gw_01     10.00000000000000         1.000000         0.000000    
     ssr2gw_02     10.00000000000000         1.000000         0.000000    
     ssr2gw_03     10.00000000000000         1.000000         0.000000    
     ssr2gw_04     10.00000000000000         1.000000         0.000000    
     ssr2gw_05     10.00000000000000         1.000000         0.000000    
     ssr2gw_06     10.00000000000000         1.000000         0.000000    
     ssr2gw_07     10.00000000000000         1.000000         0.000000    
     ssr2gw_08     10.00000000000000         1.000000         0.000000    
     ssr2gw_09     10.00000000000000         1.000000         0.000000    
     ssr2gw_10     10.00000000000000         1.000000         0.000000    
     ssr2gw_11     10.00000000000000         1.000000         0.000000    
     ssr2gw_12     10.00000000000000         1.000000         0.000000    
  bedlknc_h_02     1000.000000000000         1.000000         0.000000    
  bedlknc_h_03     1000.000000000000         1.000000         0.000000    
  bedlknc_h_04     1000.000000000000         1.000000         0.000000    
  bedlknc_h_05     1000.000000000000         1.000000         0.000000    
  bedlknc_h_06     1000.000000000000         1.000000         0.000000    
  bedlknc_h_07     1000.000000000000         1.000000         0.000000    
  bedlknc_h_08     1000.000000000000         1.000000         0.000000    
  bedlknc_h_09     1000.000000000000         1.000000         0.000000    
  bedlknc_h_10     1000.000000000000         1.000000         0.000000    
  bedlknc_l_02     1000.000000000000         1.000000         0.000000    
  bedlknc_l_03     1000.000000000000         1.000000         0.000000    
  bedlknc_l_04     1000.000000000000         1.000000         0.000000    
  bedlknc_l_05     1000.000000000000         1.000000         0.000000    
  bedlknc_l_06     1000.000000000000         1.000000         0.000000    
  bedlknc_l_07     1000.000000000000         1.000000         0.000000    
  bedlknc_l_08     1000.000000000000         1.000000         0.000000    
  bedlknc_l_09     1000.000000000000         1.000000         0.000000    
  bedlknc_l_10     1000.000000000000         1.000000         0.000000    
     strmbdk_1    0.2856850000000000         1.000000         0.000000    
     strmbdk_2    0.8525450000000000         1.000000         0.000000    
     strmbdk_3    0.1191660000000000         1.000000         0.000000    
     strmbdk_4    0.4267350000000000         1.000000         0.000000    
     strmbdk_5    0.1908050000000000         1.000000         0.000000    
     strmbdk_6    0.4254550000000001         1.000000         0.000000    
     strmbdk_7    0.2500720000000000         1.000000         0.000000    
     strmbdk_8    0.4660980000000000         1.000000         0.000000    
     strmbdk_9     3.413200000000000         1.000000         0.000000    
    strmbdk_10     6.014700000000000         1.000000         0.000000    
    strmbdk_11     17.46300000000000         1.000000         0.000000    
    strmbdk_12     8.597560000000000         1.000000         0.000000    
    strmbdk_13     57.30140000000000         1.000000         0.000000    
    strmbdk_14     79.10000000000000         1.000000         0.000000    
    strmbdk_15     79.10000000000000         1.000000         0.000000    
    strmbdk_16     105.3130000000000         1.000000         0.000000    
    strmbdk_17     83.73780000000000         1.000000         0.000000    
    strmbdk_18     115.2580000000000         1.000000         0.000000    
    strmbdk_19     99.99750000000000         1.000000         0.000000    
    strmbdk_21     100.0000000000000         1.000000         0.000000    
    strmbdk_22     115.2580000000000         1.000000         0.000000    
    strmbdk_23     93.52150000000000         1.000000         0.000000    
    strmbdk_24     95.65590000000000         1.000000         0.000000    
    strmbdk_25     123.8020000000000         1.000000         0.000000    
    strmbdk_26     100.0000000000000         1.000000         0.000000    
    strmbdk_27     100.0000000000000         1.000000         0.000000    
    strmbdk_28     100.0000000000000         1.000000         0.000000    
    strmbdk_29     62.35180000000000         1.000000         0.000000    
    strmbdk_30     99.99750000000000         1.000000         0.000000    
    strmbdk_31     100.0000000000000         1.000000         0.000000    
    strmbdk_32     99.99750000000000         1.000000         0.000000    
    strmbdk_33     99.99750000000000         1.000000         0.000000    
      pp_1_vks     9675.720000000000         1.000000         0.000000    
      pp_2_vks     2087.150000000000         1.000000         0.000000    
      pp_3_vks     12910.40000000000         1.000000         0.000000    
      pp_4_vks     20000.00000000000         1.000000         0.000000    
      pp_5_vks     172.5270000000000         1.000000         0.000000    
      pp_6_vks     167.6060000000000         1.000000         0.000000    
      pp_7_vks     5.612890000000000         1.000000         0.000000    
      pp_8_vks     100.0000000000000         1.000000         0.000000    
      pp_9_vks     100.0000000000000         1.000000         0.000000    
     pp_10_vks     100.0000000000000         1.000000         0.000000    
     pp_11_vks     6.114360000000000         1.000000         0.000000    
     pp_12_vks     1000.000000000000         1.000000         0.000000    
     pp_13_vks     32.90390000000000         1.000000         0.000000    
     pp_14_vks     20000.00000000000         1.000000         0.000000    
     pp_15_vks     19.00000000000000         1.000000         0.000000    
     pp_16_vks     58.87290000000000         1.000000         0.000000    
     pp_17_vks     20000.00000000000         1.000000         0.000000    
     pp_18_vks     949.5870000000000         1.000000         0.000000    
     pp_19_vks    0.3445250000000001         1.000000         0.000000    
     pp_20_vks     5669.300000000000         1.000000         0.000000    
     pp_21_vks     1754.470000000000         1.000000         0.000000    
     pp_22_vks     5.034150000000000         1.000000         0.000000    
     pp_23_vks     1070.140000000000         1.000000         0.000000    
     pp_24_vks     849.3320000000000         1.000000         0.000000    
     pp_25_vks     100.0000000000000         1.000000         0.000000    
     pp_26_vks     23.37870000000000         1.000000         0.000000    
     pp_27_vks     65.28050000000000         1.000000         0.000000    
     pp_28_vks     69.32170000000002         1.000000         0.000000    
     pp_29_vks     4.674510000000000         1.000000         0.000000    
     pp_30_vks     61.98230000000000         1.000000         0.000000    
     pp_31_vks    3.6033700000000000E-04     1.000000         0.000000    
     pp_32_vks     10.49100000000000         1.000000         0.000000    
     pp_33_vks    2.0000000000000000E-03     1.000000         0.000000    
     pp_34_vks    1.1526600000000000E-04     1.000000         0.000000    
     pp_35_vks     39.67970000000000         1.000000         0.000000    
     pp_36_vks     35.99660000000000         1.000000         0.000000    
     pp_37_vks     21.68750000000000         1.000000         0.000000    
     pp_38_vks     632.5750000000000         1.000000         0.000000    
     pp_39_vks     267.2160000000000         1.000000         0.000000    
     pp_40_vks     200.0000000000000         1.000000         0.000000    
     pp_41_vks     4.142490000000000         1.000000         0.000000    
     pp_42_vks     14.32250000000000         1.000000         0.000000    
     pp_43_vks     33.87470000000000         1.000000         0.000000    
     pp_44_vks     7.263800000000000         1.000000         0.000000    
     pp_45_vks     347.8930000000000         1.000000         0.000000    
     pp_46_vks     7017.990000000000         1.000000         0.000000    
     pp_47_vks     2.604090000000000         1.000000         0.000000    
     pp_48_vks    1.4000000000000000E-02     1.000000         0.000000    
     pp_49_vks     2.184210000000000         1.000000         0.000000    
     pp_50_vks     14.57660000000000         1.000000         0.000000    
     pp_51_vks     34777.10000000000         1.000000         0.000000    
     pp_52_vks     439.5980000000000         1.000000         0.000000    
     pp_53_vks     1.006910000000000         1.000000         0.000000    
     pp_54_vks     57.05010000000000         1.000000         0.000000    
     pp_55_vks     3511.820000000000         1.000000         0.000000    
     pp_56_vks     72.36560000000000         1.000000         0.000000    
     pp_57_vks    1.0000000000000000E-02     1.000000         0.000000    
     pp_58_vks    1.0000000000000000E-02     1.000000         0.000000    
     pp_59_vks     138.9420000000000         1.000000         0.000000    
     pp_60_vks    1.0000000000000000E-02     1.000000         0.000000    
     pp_61_vks    1.0000000000000000E-02     1.000000         0.000000    
     pp_62_vks    1.0000000000000000E-02     1.000000         0.000000    
     pp_63_vks    2.1200000000000000E-03     1.000000         0.000000    
     pp_64_vks    0.1790000000000000         1.000000         0.000000    
     pp_65_vks    0.1000000000000000         1.000000         0.000000    
     pp_66_vks     2910.460000000000         1.000000         0.000000    
     pp_67_vks    1.0200000000000000E-02     1.000000         0.000000    
     pp_68_vks     238.6730000000000         1.000000         0.000000    
     pp_69_vks     566.9300000000000         1.000000         0.000000    
     pp_70_vks     570.0000000000000         1.000000         0.000000    
     pp_71_vks     2.690420000000000         1.000000         0.000000    
     pp_72_vks     1010.260000000000         1.000000         0.000000    
     pp_73_vks     2.380000000000000         1.000000         0.000000    
     pp_74_vks    1.3700000000000000E-02     1.000000         0.000000    
     pp_75_vks    1.4300000000000000E-02     1.000000         0.000000    
     pp_76_vks    0.1370000000000000         1.000000         0.000000    
     pp_77_vks    9.7000000000000000E-04     1.000000         0.000000    
     pp_78_vks     1232.980000000000         1.000000         0.000000    
     pp_79_vks    6.2400000000000000E-02     1.000000         0.000000    
     pp_80_vks    0.2000000000000000         1.000000         0.000000    
     pp_81_vks    0.2000000000000000         1.000000         0.000000    
     pp_82_vks    0.1780000000000000         1.000000         0.000000    
     pp_83_vks    0.1000000000000000         1.000000         0.000000    
     pp_84_vks    1.4100000000000000E-02     1.000000         0.000000    
     pp_85_vks     10.70000000000000         1.000000         0.000000    
     pp_86_vks    1.0000000000000000E-02     1.000000         0.000000    
     pp_87_vks    1.0000000000000000E-02     1.000000         0.000000    
     pp_88_vks    5.0000000000000000E-02     1.000000         0.000000    
     pp_89_vks    5.0000000000000000E-02     1.000000         0.000000    
     pp_90_vks    5.0000000000000000E-02     1.000000         0.000000    
     pp_91_vks    5.0000000000000000E-02     1.000000         0.000000    
     pp_92_vks    0.2000000000000000         1.000000         0.000000    
     pp_93_vks    1.0000000000000000E-02     1.000000         0.000000    
     pp_94_vks    0.2000000000000000         1.000000         0.000000    
     pp_95_vks     132.2170000000000         1.000000         0.000000    
     pp_96_vks     352.8040000000000         1.000000         0.000000    
     pp_97_vks     13.62550000000000         1.000000         0.000000    
     pp_98_vks     1895.660000000000         1.000000         0.000000    
     pp_99_vks     2313.850000000000         1.000000         0.000000    
    pp_100_vks     105.8890000000000         1.000000         0.000000    
      pp_1_l_1     2000000.000000000         1.000000         0.000000    
      pp_2_l_1     944229.0000000000         1.000000         0.000000    
      pp_3_l_1     990674.0000000000         1.000000         0.000000    
      pp_4_l_1     389652.0000000000         1.000000         0.000000    
      pp_5_l_1     7616.230000000000         1.000000         0.000000    
      pp_6_l_1     4622.750000000000         1.000000         0.000000    
      pp_7_l_1     104.4720000000000         1.000000         0.000000    
      pp_8_l_1     48.35900000000000         1.000000         0.000000    
      pp_9_l_1     3716.340000000000         1.000000         0.000000    
     pp_10_l_1     1058.370000000000         1.000000         0.000000    
     pp_11_l_1     2834.650000000000         1.000000         0.000000    
     pp_12_l_1     19999.50000000000         1.000000         0.000000    
     pp_13_l_1     14173.90000000000         1.000000         0.000000    
     pp_14_l_1     999975.0000000000         1.000000         0.000000    
     pp_15_l_1     199.9950000000000         1.000000         0.000000    
     pp_16_l_1     999975.0000000000         1.000000         0.000000    
     pp_17_l_1     2000000.000000000         1.000000         0.000000    
     pp_18_l_1     199.9950000000000         1.000000         0.000000    
     pp_19_l_1     200.0000000000000         1.000000         0.000000    
     pp_20_l_1     999975.0000000000         1.000000         0.000000    
     pp_21_l_1     200.0000000000000         1.000000         0.000000    
     pp_22_l_1     199.9950000000000         1.000000         0.000000    
     pp_23_l_1     200.0000000000000         1.000000         0.000000    
     pp_24_l_1     1999.950000000000         1.000000         0.000000    
     pp_25_l_1     359.8190000000000         1.000000         0.000000    
     pp_26_l_1     693.4680000000000         1.000000         0.000000    
     pp_27_l_1     200.0000000000000         1.000000         0.000000    
     pp_28_l_1     200.0000000000000         1.000000         0.000000    
     pp_29_l_1     200.0000000000000         1.000000         0.000000    
     pp_30_l_1     200.0000000000000         1.000000         0.000000    
     pp_31_l_1     101.2240000000000         1.000000         0.000000    
     pp_32_l_1     200.0000000000000         1.000000         0.000000    
     pp_33_l_1     200.0000000000000         1.000000         0.000000    
     pp_34_l_1     126.8220000000000         1.000000         0.000000    
     pp_35_l_1     808.3500000000000         1.000000         0.000000    
     pp_36_l_1     472.5560000000000         1.000000         0.000000    
     pp_37_l_1     2301.650000000000         1.000000         0.000000    
     pp_38_l_1     200.0000000000000         1.000000         0.000000    
     pp_39_l_1     199.9950000000000         1.000000         0.000000    
     pp_40_l_1     2182.310000000000         1.000000         0.000000    
     pp_41_l_1     200.0000000000000         1.000000         0.000000    
     pp_42_l_1     1835.290000000000         1.000000         0.000000    
     pp_43_l_1     199.9950000000000         1.000000         0.000000    
     pp_44_l_1     294.9480000000000         1.000000         0.000000    
     pp_45_l_1     199.9950000000000         1.000000         0.000000    
     pp_46_l_1     200.0000000000000         1.000000         0.000000    
     pp_47_l_1     23069.70000000000         1.000000         0.000000    
     pp_48_l_1     200.0000000000000         1.000000         0.000000    
     pp_49_l_1     23069.70000000000         1.000000         0.000000    
     pp_50_l_1     200.0000000000000         1.000000         0.000000    
     pp_51_l_1     200.0000000000000         1.000000         0.000000    
     pp_52_l_1     199.9950000000000         1.000000         0.000000    
     pp_53_l_1     200.0000000000000         1.000000         0.000000    
     pp_54_l_1     179.8860000000000         1.000000         0.000000    
     pp_55_l_1     230.5220000000000         1.000000         0.000000    
     pp_56_l_1     200.0000000000000         1.000000         0.000000    
     pp_57_l_1     200.0000000000000         1.000000         0.000000    
     pp_58_l_1     200.0000000000000         1.000000         0.000000    
     pp_59_l_1     199.9950000000000         1.000000         0.000000    
     pp_60_l_1     200.0000000000000         1.000000         0.000000    
     pp_61_l_1     200.0000000000000         1.000000         0.000000    
     pp_62_l_1     200.0000000000000         1.000000         0.000000    
     pp_63_l_1     200.0000000000000         1.000000         0.000000    
     pp_64_l_1     200.0000000000000         1.000000         0.000000    
     pp_65_l_1     200.0000000000000         1.000000         0.000000    
     pp_66_l_1     200.0000000000000         1.000000         0.000000    
     pp_67_l_1     200.0000000000000         1.000000         0.000000    
     pp_68_l_1     199.9950000000000         1.000000         0.000000    
     pp_69_l_1     200.0000000000000         1.000000         0.000000    
     pp_70_l_1     200.0000000000000         1.000000         0.000000    
     pp_71_l_1     200.0000000000000         1.000000         0.000000    
     pp_72_l_1     199.9950000000000         1.000000         0.000000    
     pp_73_l_1     200.0000000000000         1.000000         0.000000    
     pp_74_l_1     200.0000000000000         1.000000         0.000000    
     pp_75_l_1     200.0000000000000         1.000000         0.000000    
     pp_76_l_1     200.0000000000000         1.000000         0.000000    
     pp_77_l_1     200.0000000000000         1.000000         0.000000    
     pp_78_l_1     199.9950000000000         1.000000         0.000000    
     pp_79_l_1     200.0000000000000         1.000000         0.000000    
     pp_80_l_1     200.0000000000000         1.000000         0.000000    
     pp_81_l_1     200.0000000000000         1.000000         0.000000    
     pp_82_l_1     200.0000000000000         1.000000         0.000000    
     pp_83_l_1     200.0000000000000         1.000000         0.000000    
     pp_84_l_1     200.0000000000000         1.000000         0.000000    
     pp_85_l_1     200.0000000000000         1.000000         0.000000    
     pp_86_l_1     200.0000000000000         1.000000         0.000000    
     pp_87_l_1     200.0000000000000         1.000000         0.000000    
     pp_88_l_1     200.0000000000000         1.000000         0.000000    
     pp_89_l_1     200.0000000000000         1.000000         0.000000    
     pp_90_l_1     200.0000000000000         1.000000         0.000000    
     pp_91_l_1     200.0000000000000         1.000000         0.000000    
     pp_92_l_1     200.0000000000000         1.000000         0.000000    
     pp_93_l_1     200.0000000000000         1.000000         0.000000    
     pp_94_l_1     200.0000000000000         1.000000         0.000000    
     pp_95_l_1     200.0000000000000         1.000000         0.000000    
     pp_96_l_1     200.0000000000000         1.000000         0.000000    
     pp_97_l_1     200.0000000000000         1.000000         0.000000    
     pp_98_l_1     200.0000000000000         1.000000         0.000000    
     pp_99_l_1     199.9950000000000         1.000000         0.000000    
    pp_100_l_1     199.9950000000000         1.000000         0.000000    
      pp_1_l_2     200000.0000000000         1.000000         0.000000    
      pp_2_l_2     200000.0000000000         1.000000         0.000000    
      pp_3_l_2     62189.30000000000         1.000000         0.000000    
      pp_4_l_2     56451.30000000000         1.000000         0.000000    
      pp_5_l_2     5669.300000000000         1.000000         0.000000    
      pp_6_l_2     830.6770000000000         1.000000         0.000000    
      pp_7_l_2     37.01750000000000         1.000000         0.000000    
      pp_8_l_2    0.1000000000000000         1.000000         0.000000    
      pp_9_l_2     3.704620000000000         1.000000         0.000000    
     pp_10_l_2     63.32040000000000         1.000000         0.000000    
     pp_11_l_2     283.4650000000000         1.000000         0.000000    
     pp_12_l_2     283465.0000000000         1.000000         0.000000    
     pp_13_l_2     1054.990000000000         1.000000         0.000000    
     pp_14_l_2     2708.370000000000         1.000000         0.000000    
     pp_15_l_2     199.9950000000000         1.000000         0.000000    
     pp_16_l_2     37496.90000000000         1.000000         0.000000    
     pp_17_l_2     22.32100000000000         1.000000         0.000000    
     pp_18_l_2     199.9950000000000         1.000000         0.000000    
     pp_19_l_2     101.1970000000000         1.000000         0.000000    
     pp_20_l_2     71940.80000000000         1.000000         0.000000    
     pp_21_l_2     3190.570000000000         1.000000         0.000000    
     pp_22_l_2     174.2700000000000         1.000000         0.000000    
     pp_23_l_2     283.4650000000000         1.000000         0.000000    
     pp_24_l_2     1430.740000000000         1.000000         0.000000    
     pp_25_l_2     13813.00000000000         1.000000         0.000000    
     pp_26_l_2     679.3680000000002         1.000000         0.000000    
     pp_27_l_2     199.9950000000000         1.000000         0.000000    
     pp_28_l_2     41.70930000000000         1.000000         0.000000    
     pp_29_l_2     200.0000000000000         1.000000         0.000000    
     pp_30_l_2     268.2880000000000         1.000000         0.000000    
     pp_31_l_2     159.1450000000000         1.000000         0.000000    
     pp_32_l_2     14.26230000000000         1.000000         0.000000    
     pp_33_l_2     200.0000000000000         1.000000         0.000000    
     pp_34_l_2     55.21830000000000         1.000000         0.000000    
     pp_35_l_2     104.7240000000000         1.000000         0.000000    
     pp_36_l_2     99.41090000000000         1.000000         0.000000    
     pp_37_l_2     2.067210000000000         1.000000         0.000000    
     pp_38_l_2     199.9950000000000         1.000000         0.000000    
     pp_39_l_2     200.0000000000000         1.000000         0.000000    
     pp_40_l_2     8.715110000000000         1.000000         0.000000    
     pp_41_l_2     200.0000000000000         1.000000         0.000000    
     pp_42_l_2     15.53620000000000         1.000000         0.000000    
     pp_43_l_2     200.0000000000000         1.000000         0.000000    
     pp_44_l_2     81.03130000000000         1.000000         0.000000    
     pp_45_l_2     199.9950000000000         1.000000         0.000000    
     pp_46_l_2     178.0060000000000         1.000000         0.000000    
     pp_47_l_2     949.6030000000000         1.000000         0.000000    
     pp_48_l_2     200.0000000000000         1.000000         0.000000    
     pp_49_l_2     473.1770000000000         1.000000         0.000000    
     pp_50_l_2     200.0000000000000         1.000000         0.000000    
     pp_51_l_2     200.0000000000000         1.000000         0.000000    
     pp_52_l_2     9.114620000000000         1.000000         0.000000    
     pp_53_l_2     200.0000000000000         1.000000         0.000000    
     pp_54_l_2     199.9990000000000         1.000000         0.000000    
     pp_55_l_2     200.0000000000000         1.000000         0.000000    
     pp_56_l_2     24.44520000000000         1.000000         0.000000    
     pp_57_l_2     200.0000000000000         1.000000         0.000000    
     pp_58_l_2     200.0000000000000         1.000000         0.000000    
     pp_59_l_2     676.7990000000000         1.000000         0.000000    
     pp_60_l_2     200.0000000000000         1.000000         0.000000    
     pp_61_l_2     200.0000000000000         1.000000         0.000000    
     pp_62_l_2     200.0000000000000         1.000000         0.000000    
     pp_63_l_2     200.0000000000000         1.000000         0.000000    
     pp_64_l_2     200.0000000000000         1.000000         0.000000    
     pp_65_l_2     200.0000000000000         1.000000         0.000000    
     pp_66_l_2     200.0000000000000         1.000000         0.000000    
     pp_67_l_2     200.0000000000000         1.000000         0.000000    
     pp_68_l_2     899.8550000000000         1.000000         0.000000    
     pp_69_l_2     190.5720000000000         1.000000         0.000000    
     pp_70_l_2     1360.800000000000         1.000000         0.000000    
     pp_71_l_2     199.9950000000000         1.000000         0.000000    
     pp_72_l_2     230.5220000000000         1.000000         0.000000    
     pp_73_l_2     200.0000000000000         1.000000         0.000000    
     pp_74_l_2     200.0000000000000         1.000000         0.000000    
     pp_75_l_2     200.0000000000000         1.000000         0.000000    
     pp_76_l_2     200.0000000000000         1.000000         0.000000    
     pp_77_l_2     200.0000000000000         1.000000         0.000000    
     pp_78_l_2     167.4760000000000         1.000000         0.000000    
     pp_79_l_2     200.0000000000000         1.000000         0.000000    
     pp_80_l_2     200.0000000000000         1.000000         0.000000    
     pp_81_l_2     200.0000000000000         1.000000         0.000000    
     pp_82_l_2     200.0000000000000         1.000000         0.000000    
     pp_83_l_2     200.0000000000000         1.000000         0.000000    
     pp_84_l_2     200.0000000000000         1.000000         0.000000    
     pp_85_l_2     200.0000000000000         1.000000         0.000000    
     pp_86_l_2     200.0000000000000         1.000000         0.000000    
     pp_87_l_2     200.0000000000000         1.000000         0.000000    
     pp_88_l_2     200.0000000000000         1.000000         0.000000    
     pp_89_l_2     200.0000000000000         1.000000         0.000000    
     pp_90_l_2     200.0000000000000         1.000000         0.000000    
     pp_91_l_2     200.0000000000000         1.000000         0.000000    
     pp_92_l_2     200.0000000000000         1.000000         0.000000    
     pp_93_l_2     200.0000000000000         1.000000         0.000000    
     pp_94_l_2     200.0000000000000         1.000000         0.000000    
     pp_95_l_2     283.4650000000000         1.000000         0.000000    
     pp_96_l_2     200.0000000000000         1.000000         0.000000    
     pp_97_l_2     283.4650000000000         1.000000         0.000000    
     pp_98_l_2     153.5090000000000         1.000000         0.000000    
     pp_99_l_2     268.0840000000000         1.000000         0.000000    
    pp_100_l_2     1.497990000000000         1.000000         0.000000    
      pp_1_l_3    1.0000000000000000E-04     1.000000         0.000000    
      pp_2_l_3    1.0000000000000000E-04     1.000000         0.000000    
      pp_3_l_3    1.0000000000000000E-04     1.000000         0.000000    
      pp_4_l_3    1.0000000000000000E-04     1.000000         0.000000    
      pp_5_l_3    1.0000000000000000E-04     1.000000         0.000000    
      pp_6_l_3    1.0000000000000000E-04     1.000000         0.000000    
      pp_7_l_3    1.0000000000000000E-04     1.000000         0.000000    
      pp_8_l_3    1.0000000000000000E-04     1.000000         0.000000    
      pp_9_l_3    1.0000000000000000E-04     1.000000         0.000000    
     pp_10_l_3    1.0000000000000000E-04     1.000000         0.000000    
     pp_11_l_3    1.0000000000000000E-04     1.000000         0.000000    
     pp_12_l_3    1.0000000000000000E-04     1.000000         0.000000    
     pp_13_l_3    1.0000000000000000E-04     1.000000         0.000000    
     pp_14_l_3    1.0000000000000000E-04     1.000000         0.000000    
     pp_15_l_3    1.0004200000000000E-04     1.000000         0.000000    
     pp_16_l_3    1.0000000000000000E-04     1.000000         0.000000    
     pp_17_l_3    1.0000000000000000E-04     1.000000         0.000000    
     pp_18_l_3    1.0000000000000000E-04     1.000000         0.000000    
     pp_19_l_3    1.0000000000000000E-04     1.000000         0.000000    
     pp_20_l_3    1.0000000000000000E-04     1.000000         0.000000    
     pp_21_l_3    1.0000000000000000E-04     1.000000         0.000000    
     pp_22_l_3    1.0000000000000000E-04     1.000000         0.000000    
     pp_23_l_3    1.0000000000000000E-04     1.000000         0.000000    
     pp_24_l_3    1.0000000000000000E-04     1.000000         0.000000    
     pp_25_l_3    1.0000000000000000E-04     1.000000         0.000000    
     pp_26_l_3    1.0000000000000000E-04     1.000000         0.000000    
     pp_27_l_3    1.4359900000000000E-04     1.000000         0.000000    
     pp_28_l_3    1.0019200000000000E-04     1.000000         0.000000    
     pp_29_l_3    1.0000000000000000E-04     1.000000         0.000000    
     pp_30_l_3    9.9600000000000000E-05     1.000000         0.000000    
     pp_31_l_3    1.0790400000000000E-04     1.000000         0.000000    
     pp_32_l_3    1.0000500000000000E-04     1.000000         0.000000    
     pp_33_l_3    9.8300000000000000E-05     1.000000         0.000000    
     pp_34_l_3    1.4274700000000000E-02     1.000000         0.000000    
     pp_35_l_3    1.0000000000000000E-04     1.000000         0.000000    
     pp_36_l_3    1.4910400000000000E-02     1.000000         0.000000    
     pp_37_l_3    1.0000000000000000E-04     1.000000         0.000000    
     pp_38_l_3    1.0000700000000000E-04     1.000000         0.000000    
     pp_39_l_3    1.0000000000000000E-04     1.000000         0.000000    
     pp_40_l_3    1.0000000000000000E-04     1.000000         0.000000    
     pp_41_l_3    0.1417310000000000         1.000000         0.000000    
     pp_42_l_3    0.1417280000000000         1.000000         0.000000    
     pp_43_l_3    1.4200000000000000E-04     1.000000         0.000000    
     pp_44_l_3    0.1417320000000000         1.000000         0.000000    
     pp_45_l_3    1.0000000000000000E-04     1.000000         0.000000    
     pp_46_l_3    1.4086600000000000E-02     1.000000         0.000000    
     pp_47_l_3    1.0000000000000000E-04     1.000000         0.000000    
     pp_48_l_3    1.4200000000000000E-04     1.000000         0.000000    
     pp_49_l_3    9.9800000000000000E-05     1.000000         0.000000    
     pp_50_l_3    1.4142300000000000E-02     1.000000         0.000000    
     pp_51_l_3    1.0003500000000000E-04     1.000000         0.000000    
     pp_52_l_3    9.8200000000000000E-05     1.000000         0.000000    
     pp_53_l_3    1.4137100000000000E-02     1.000000         0.000000    
     pp_54_l_3    1.4171700000000000E-02     1.000000         0.000000    
     pp_55_l_3    1.4173300000000000E-02     1.000000         0.000000    
     pp_56_l_3    1.4173200000000000E-02     1.000000         0.000000    
     pp_57_l_3    1.4200000000000000E-04     1.000000         0.000000    
     pp_58_l_3    1.4200000000000000E-04     1.000000         0.000000    
     pp_59_l_3    1.4173300000000000E-02     1.000000         0.000000    
     pp_60_l_3    1.4173300000000000E-02     1.000000         0.000000    
     pp_61_l_3    1.4200000000000000E-04     1.000000         0.000000    
     pp_62_l_3    1.4173300000000000E-02     1.000000         0.000000    
     pp_63_l_3    1.4200000000000000E-04     1.000000         0.000000    
     pp_64_l_3    1.4173300000000000E-02     1.000000         0.000000    
     pp_65_l_3    1.4173300000000000E-02     1.000000         0.000000    
     pp_66_l_3    1.4173300000000000E-02     1.000000         0.000000    
     pp_67_l_3    1.4173300000000000E-02     1.000000         0.000000    
     pp_68_l_3    1.4173300000000000E-02     1.000000         0.000000    
     pp_69_l_3    1.4173300000000000E-02     1.000000         0.000000    
     pp_70_l_3    1.4173300000000000E-02     1.000000         0.000000    
     pp_71_l_3    1.4173300000000000E-02     1.000000         0.000000    
     pp_72_l_3    1.4019400000000000E-02     1.000000         0.000000    
     pp_73_l_3    1.3709300000000000E-02     1.000000         0.000000    
     pp_74_l_3    1.4173300000000000E-03     1.000000         0.000000    
     pp_75_l_3    1.3895400000000000E-02     1.000000         0.000000    
     pp_76_l_3    1.4173500000000000E-03     1.000000         0.000000    
     pp_77_l_3    1.8105100000000000E-03     1.000000         0.000000    
     pp_78_l_3    1.4174200000000000E-03     1.000000         0.000000    
     pp_79_l_3    1.4173300000000000E-03     1.000000         0.000000    
     pp_80_l_3    1.4200000000000000E-04     1.000000         0.000000    
     pp_81_l_3    1.4173200000000000E-02     1.000000         0.000000    
     pp_82_l_3    1.4173300000000000E-02     1.000000         0.000000    
     pp_83_l_3    1.4173300000000000E-02     1.000000         0.000000    
     pp_84_l_3    1.4173300000000000E-02     1.000000         0.000000    
     pp_85_l_3    1.4173300000000000E-02     1.000000         0.000000    
     pp_86_l_3    1.4173300000000000E-02     1.000000         0.000000    
     pp_87_l_3    1.4173300000000000E-02     1.000000         0.000000    
     pp_88_l_3    1.4173300000000000E-02     1.000000         0.000000    
     pp_89_l_3    1.4173300000000000E-02     1.000000         0.000000    
     pp_90_l_3    1.4173300000000000E-02     1.000000         0.000000    
     pp_91_l_3    1.4173300000000000E-02     1.000000         0.000000    
     pp_92_l_3    1.4173300000000000E-02     1.000000         0.000000    
     pp_93_l_3    1.4173300000000000E-02     1.000000         0.000000    
     pp_94_l_3    1.4200000000000000E-04     1.000000         0.000000    
     pp_95_l_3    1.8419700000000000E-03     1.000000         0.000000    
     pp_96_l_3    1.4173300000000000E-03     1.000000         0.000000    
     pp_97_l_3    1.0000000000000000E-04     1.000000         0.000000    
     pp_98_l_3    1.4173300000000000E-02     1.000000         0.000000    
     pp_99_l_3    1.0000000000000000E-04     1.000000         0.000000    
    pp_100_l_3    1.0000300000000000E-04     1.000000         0.000000    
      pp_1_l_4    1.0000000000000001E-05     1.000000         0.000000    
      pp_2_l_4    1.0000000000000001E-05     1.000000         0.000000    
      pp_3_l_4    1.0000000000000001E-05     1.000000         0.000000    
      pp_4_l_4    1.0000000000000001E-05     1.000000         0.000000    
      pp_5_l_4    1.0000000000000001E-05     1.000000         0.000000    
      pp_6_l_4    1.0000000000000001E-05     1.000000         0.000000    
      pp_7_l_4    1.0000000000000001E-05     1.000000         0.000000    
      pp_8_l_4    1.0000000000000001E-05     1.000000         0.000000    
      pp_9_l_4    1.0000000000000001E-05     1.000000         0.000000    
     pp_10_l_4    1.0000000000000001E-05     1.000000         0.000000    
     pp_11_l_4    1.0000000000000001E-05     1.000000         0.000000    
     pp_12_l_4    1.0000000000000001E-05     1.000000         0.000000    
     pp_13_l_4    1.0000000000000001E-05     1.000000         0.000000    
     pp_14_l_4    1.0000000000000001E-05     1.000000         0.000000    
     pp_15_l_4    1.0000000000000001E-05     1.000000         0.000000    
     pp_16_l_4    1.0000000000000001E-05     1.000000         0.000000    
     pp_17_l_4    1.0000000000000001E-05     1.000000         0.000000    
     pp_18_l_4    1.0000000000000001E-05     1.000000         0.000000    
     pp_19_l_4    1.0000000000000001E-05     1.000000         0.000000    
     pp_20_l_4    1.0000000000000001E-05     1.000000         0.000000    
     pp_21_l_4    1.0000000000000001E-05     1.000000         0.000000    
     pp_22_l_4    1.0000000000000001E-05     1.000000         0.000000    
     pp_23_l_4    1.0000000000000001E-05     1.000000         0.000000    
     pp_24_l_4    1.0000000000000001E-05     1.000000         0.000000    
     pp_25_l_4    1.0000000000000001E-05     1.000000         0.000000    
     pp_26_l_4    1.0000000000000001E-05     1.000000         0.000000    
     pp_27_l_4    1.0000000000000001E-05     1.000000         0.000000    
     pp_28_l_4    1.0000000000000001E-05     1.000000         0.000000    
     pp_29_l_4    1.0000000000000001E-05     1.000000         0.000000    
     pp_30_l_4    1.0000000000000001E-05     1.000000         0.000000    
     pp_31_l_4    1.0000000000000001E-05     1.000000         0.000000    
     pp_32_l_4    1.0000000000000001E-05     1.000000         0.000000    
     pp_33_l_4    1.0000000000000001E-05     1.000000         0.000000    
     pp_34_l_4    1.0000000000000001E-05     1.000000         0.000000    
     pp_35_l_4    1.0000000000000001E-05     1.000000         0.000000    
     pp_36_l_4    1.0000000000000001E-05     1.000000         0.000000    
     pp_37_l_4    1.0000000000000001E-05     1.000000         0.000000    
     pp_38_l_4    1.0000000000000001E-05     1.000000         0.000000    
     pp_39_l_4    1.0000000000000001E-05     1.000000         0.000000    
     pp_40_l_4    1.0000000000000001E-05     1.000000         0.000000    
     pp_41_l_4    1.0000000000000001E-05     1.000000         0.000000    
     pp_42_l_4    1.0000000000000001E-05     1.000000         0.000000    
     pp_43_l_4    1.0000000000000001E-05     1.000000         0.000000    
     pp_44_l_4    1.0000000000000001E-05     1.000000         0.000000    
     pp_45_l_4    1.0000000000000001E-05     1.000000         0.000000    
     pp_46_l_4    1.0000000000000001E-05     1.000000         0.000000    
     pp_47_l_4    1.0000000000000001E-05     1.000000         0.000000    
     pp_48_l_4    1.0000000000000001E-05     1.000000         0.000000    
     pp_49_l_4    1.0000000000000001E-05     1.000000         0.000000    
     pp_50_l_4    1.0000000000000001E-05     1.000000         0.000000    
     pp_51_l_4    1.0000000000000001E-05     1.000000         0.000000    
     pp_52_l_4    1.0000000000000001E-05     1.000000         0.000000    
     pp_53_l_4    1.0000000000000001E-05     1.000000         0.000000    
     pp_54_l_4    1.0000000000000001E-05     1.000000         0.000000    
     pp_55_l_4    1.0000000000000001E-05     1.000000         0.000000    
     pp_56_l_4    1.0000000000000001E-05     1.000000         0.000000    
     pp_57_l_4    1.0000000000000001E-05     1.000000         0.000000    
     pp_58_l_4    1.0000000000000001E-05     1.000000         0.000000    
     pp_59_l_4    1.0000000000000001E-05     1.000000         0.000000    
     pp_60_l_4    1.0000000000000001E-05     1.000000         0.000000    
     pp_61_l_4    1.0000000000000001E-05     1.000000         0.000000    
     pp_62_l_4    1.0000000000000001E-05     1.000000         0.000000    
     pp_63_l_4    1.0000000000000001E-05     1.000000         0.000000    
     pp_64_l_4    1.0000000000000001E-05     1.000000         0.000000    
     pp_65_l_4    1.0000000000000001E-05     1.000000         0.000000    
     pp_66_l_4    1.0000000000000001E-05     1.000000         0.000000    
     pp_67_l_4    1.0000000000000001E-05     1.000000         0.000000    
     pp_68_l_4    1.0000000000000001E-05     1.000000         0.000000    
     pp_69_l_4    1.0000000000000001E-05     1.000000         0.000000    
     pp_70_l_4    1.0000000000000001E-05     1.000000         0.000000    
     pp_71_l_4    1.0000000000000001E-05     1.000000         0.000000    
     pp_72_l_4    1.0000000000000001E-05     1.000000         0.000000    
     pp_73_l_4    1.0100000000000000E-05     1.000000         0.000000    
     pp_74_l_4    1.0000000000000001E-05     1.000000         0.000000    
     pp_75_l_4    1.0000000000000001E-05     1.000000         0.000000    
     pp_76_l_4    1.0000000000000001E-05     1.000000         0.000000    
     pp_77_l_4    1.1300000000000000E-05     1.000000         0.000000    
     pp_78_l_4    1.0000000000000001E-05     1.000000         0.000000    
     pp_79_l_4    1.0000000000000001E-05     1.000000         0.000000    
     pp_80_l_4    1.0000000000000001E-05     1.000000         0.000000    
     pp_81_l_4    1.0000000000000001E-05     1.000000         0.000000    
     pp_82_l_4    1.0000000000000001E-05     1.000000         0.000000    
     pp_83_l_4    1.0000000000000001E-05     1.000000         0.000000    
     pp_84_l_4    1.0000000000000001E-05     1.000000         0.000000    
     pp_85_l_4    1.0000000000000001E-05     1.000000         0.000000    
     pp_86_l_4    1.0000000000000001E-05     1.000000         0.000000    
     pp_87_l_4    1.0000000000000001E-05     1.000000         0.000000    
     pp_88_l_4    1.0000000000000001E-05     1.000000         0.000000    
     pp_89_l_4    1.0000000000000001E-05     1.000000         0.000000    
     pp_90_l_4    1.0000000000000001E-05     1.000000         0.000000    
     pp_91_l_4    1.0000000000000001E-05     1.000000         0.000000    
     pp_92_l_4    1.0000000000000001E-05     1.000000         0.000000    
     pp_93_l_4    1.0000000000000001E-05     1.000000         0.000000    
     pp_94_l_4    1.0000000000000001E-05     1.000000         0.000000    
     pp_95_l_4    1.0000000000000001E-05     1.000000         0.000000    
     pp_96_l_4    1.0000000000000001E-05     1.000000         0.000000    
     pp_97_l_4    1.0000000000000001E-05     1.000000         0.000000    
     pp_98_l_4    1.0000000000000001E-05     1.000000         0.000000    
     pp_99_l_4    1.0000000000000001E-05     1.000000         0.000000    
    pp_100_l_4    1.0000000000000001E-05     1.000000         0.000000    
    finf_zn_01    0.8070060000000000         1.000000         0.000000    
    finf_zn_02    0.4695300000000000         1.000000         0.000000    
    finf_zn_03    0.5119020000000000         1.000000         0.000000    
    finf_zn_04    0.6067150000000000         1.000000         0.000000    
    finf_zn_05    0.1500000000000000         1.000000         0.000000    
    finf_zn_06    0.4846880000000000         1.000000         0.000000    
    finf_zn_07    0.1500000000000000         1.000000         0.000000    
    finf_zn_08    0.2010630000000000         1.000000         0.000000    
    finf_zn_09    0.1500000000000000         1.000000         0.000000    
    finf_zn_10     1.750000000000000         1.000000         0.000000    
    finf_zn_11     1.750000000000000         1.000000         0.000000    
    finf_zn_12     1.465410000000000         1.000000         0.000000    
      surfk_lo    0.5418040000000000         1.000000         0.000000    
      surfk_hi    0.1375210000000000         1.000000         0.000000    
     pet_zn_01     1.500000000000000         1.000000         0.000000    
     pet_zn_02     1.499990000000000         1.000000         0.000000    
     pet_zn_03    0.2010200000000000         1.000000         0.000000    
     pet_zn_04     1.500000000000000         1.000000         0.000000    
     pet_zn_05     1.346400000000000         1.000000         0.000000    
     pet_zn_06    0.2000080000000000         1.000000         0.000000    
     pet_zn_07    0.5000000000000000         1.000000         0.000000    
     pet_zn_08    0.1999950000000000         1.000000         0.000000    
     pet_zn_09    0.2000000000000000         1.000000         0.000000    
     pet_zn_10     1.116940000000000         1.000000         0.000000    
     pet_zn_11     1.500000000000000         1.000000         0.000000    
     pet_zn_12     1.104040000000000         1.000000         0.000000    
