  single point
     strmbdk_1    0.2856850000000000         1.000000         0.000000    
     strmbdk_2    0.8525452000000000         1.000000         0.000000    
     strmbdk_3    0.1191662000000000         1.000000         0.000000    
     strmbdk_4    0.4267345000000000         1.000000         0.000000    
     strmbdk_5    0.1908048000000000         1.000000         0.000000    
     strmbdk_6    0.4254548000000000         1.000000         0.000000    
     strmbdk_7    0.2500717000000000         1.000000         0.000000    
     strmbdk_8    0.3263026000000000         1.000000         0.000000    
     strmbdk_9     2.800514000000000         1.000000         0.000000    
    strmbdk_10     3.014771000000000         1.000000         0.000000    
    strmbdk_11     17.46263000000000         1.000000         0.000000    
    strmbdk_12     15.00389000000000         1.000000         0.000000    
    strmbdk_13     1.000012000000000         1.000000         0.000000    
    strmbdk_14     1.000000000000000         1.000000         0.000000    
    strmbdk_15     1.000000000000000         1.000000         0.000000    
    strmbdk_16     1.000000000000000         1.000000         0.000000    
    strmbdk_17     1.000000000000000         1.000000         0.000000    
    strmbdk_18     1.000033000000000         1.000000         0.000000    
    strmbdk_19     1.000000000000000         1.000000         0.000000    
    strmbdk_21     1.000000000000000         1.000000         0.000000    
    strmbdk_22     1.000000000000000         1.000000         0.000000    
    strmbdk_23     1.000002000000000         1.000000         0.000000    
    strmbdk_24     1.000000000000000         1.000000         0.000000    
    strmbdk_25     1.000073000000000         1.000000         0.000000    
    strmbdk_26     1.000000000000000         1.000000         0.000000    
    strmbdk_27     1.000000000000000         1.000000         0.000000    
    strmbdk_28     1.000000000000000         1.000000         0.000000    
    strmbdk_29     1.000000000000000         1.000000         0.000000    
    strmbdk_30     1.000000000000000         1.000000         0.000000    
    strmbdk_31     1.000000000000000         1.000000         0.000000    
    strmbdk_32     1.000000000000000         1.000000         0.000000    
    strmbdk_33     1.000010000000000         1.000000         0.000000    
      pp_1_vks    2.7100001000000000E-05     1.000000         0.000000    
      pp_2_vks    2.7100083000000000E-05     1.000000         0.000000    
      pp_3_vks    2.7099966000000000E-05     1.000000         0.000000    
      pp_4_vks    2.7100001000000000E-05     1.000000         0.000000    
      pp_5_vks    2.7099997000000000E-05     1.000000         0.000000    
      pp_6_vks    2.7100000000000000E-05     1.000000         0.000000    
      pp_7_vks    2.7099839000000000E-05     1.000000         0.000000    
      pp_8_vks    2.7100008000000000E-05     1.000000         0.000000    
      pp_9_vks    2.7100033000000000E-05     1.000000         0.000000    
     pp_10_vks    2.7100716000000000E-05     1.000000         0.000000    
     pp_11_vks    2.7100045000000000E-05     1.000000         0.000000    
     pp_12_vks    4.7306100000000000E-04     1.000000         0.000000    
     pp_13_vks    2.7009892000000000E-05     1.000000         0.000000    
     pp_14_vks    1.0000000000000000E-04     1.000000         0.000000    
     pp_15_vks    1.0000000000000000E-03     1.000000         0.000000    
     pp_16_vks    1.0000301000000000E-04     1.000000         0.000000    
     pp_17_vks    2.7099990000000000E-05     1.000000         0.000000    
     pp_18_vks    1.0032280000000002E-03     1.000000         0.000000    
     pp_19_vks    4.9999179000000000E-04     1.000000         0.000000    
     pp_20_vks    1.0000000000000000E-04     1.000000         0.000000    
     pp_21_vks    1.0000000000000000E-04     1.000000         0.000000    
     pp_22_vks    1.0000000000000000E-04     1.000000         0.000000    
     pp_23_vks    1.0000000000000000E-04     1.000000         0.000000    
     pp_24_vks    5.0879534000000000E-04     1.000000         0.000000    
     pp_25_vks    2.7100000000000000E-05     1.000000         0.000000    
     pp_26_vks    2.7100013000000000E-05     1.000000         0.000000    
     pp_27_vks    1.0000000000000000E-03     1.000000         0.000000    
     pp_28_vks    1.0000000000000000E-04     1.000000         0.000000    
     pp_29_vks    1.0200287000000000E-02     1.000000         0.000000    
     pp_30_vks    4.8346289000000000E-04     1.000000         0.000000    
     pp_31_vks    2.7100037000000000E-05     1.000000         0.000000    
     pp_32_vks    1.1558581000000000E-04     1.000000         0.000000    
     pp_33_vks    1.0025277000000000E-03     1.000000         0.000000    
     pp_34_vks    2.7100000000000000E-05     1.000000         0.000000    
     pp_35_vks    2.7100000000000000E-05     1.000000         0.000000    
     pp_36_vks    2.7100004000000000E-05     1.000000         0.000000    
     pp_37_vks    2.7100053000000000E-05     1.000000         0.000000    
     pp_38_vks    1.0003076000000000E-03     1.000000         0.000000    
     pp_39_vks    5.0009259000000000E-03     1.000000         0.000000    
     pp_40_vks    2.7100010000000000E-05     1.000000         0.000000    
     pp_41_vks    1.0000000000000000E-03     1.000000         0.000000    
     pp_42_vks    8.9457100000000000E-04     1.000000         0.000000    
     pp_43_vks    6.7738212000000000E-03     1.000000         0.000000    
     pp_44_vks    1.0000000000000000E-04     1.000000         0.000000    
     pp_45_vks    5.4539891000000000E-03     1.000000         0.000000    
     pp_46_vks    4.9997888000000000E-03     1.000000         0.000000    
     pp_47_vks    5.1908493000000000E-04     1.000000         0.000000    
     pp_48_vks    6.9939809000000000E-03     1.000000         0.000000    
     pp_49_vks    1.0000000000000000E-04     1.000000         0.000000    
     pp_50_vks    5.0007873000000000E-03     1.000000         0.000000    
     pp_51_vks    5.0000018000000000E-03     1.000000         0.000000    
     pp_52_vks    5.2300104999999992E-04     1.000000         0.000000    
     pp_53_vks    6.0675291000000000E-03     1.000000         0.000000    
     pp_54_vks    5.0000755000000000E-03     1.000000         0.000000    
     pp_55_vks    5.0000862000000000E-03     1.000000         0.000000    
     pp_56_vks    1.0000000000000000E-04     1.000000         0.000000    
     pp_57_vks    5.0000000000000000E-03     1.000000         0.000000    
     pp_58_vks    5.0000000000000000E-03     1.000000         0.000000    
     pp_59_vks    5.0000000000000000E-03     1.000000         0.000000    
     pp_60_vks    5.0003095000000000E-03     1.000000         0.000000    
     pp_61_vks    5.0000000000000000E-03     1.000000         0.000000    
     pp_62_vks    5.0000000000000000E-03     1.000000         0.000000    
     pp_63_vks    1.0623692000000000E-03     1.000000         0.000000    
     pp_64_vks    8.9379833000000000E-02     1.000000         0.000000    
     pp_65_vks    5.0000000000000000E-02     1.000000         0.000000    
     pp_66_vks    4.9973268000000000E-03     1.000000         0.000000    
     pp_67_vks    5.0889477000000000E-03     1.000000         0.000000    
     pp_68_vks    5.0000332000000000E-03     1.000000         0.000000    
     pp_69_vks    5.0000000000000000E-02     1.000000         0.000000    
     pp_70_vks    5.0000000000000000E-02     1.000000         0.000000    
     pp_71_vks    5.0002302000000000E-03     1.000000         0.000000    
     pp_72_vks    5.0560099000000000E-03     1.000000         0.000000    
     pp_73_vks     1.190572000000000         1.000000         0.000000    
     pp_74_vks    6.8351185000000000E-03     1.000000         0.000000    
     pp_75_vks    7.1343511000000000E-03     1.000000         0.000000    
     pp_76_vks    6.8541947000000008E-02     1.000000         0.000000    
     pp_77_vks    4.8464930000000000E-04     1.000000         0.000000    
     pp_78_vks    1.0005146999999998E-03     1.000000         0.000000    
     pp_79_vks    3.1232805000000000E-02     1.000000         0.000000    
     pp_80_vks    0.1000000000000000         1.000000         0.000000    
     pp_81_vks    0.1000000000000000         1.000000         0.000000    
     pp_82_vks    8.8858768000000000E-02     1.000000         0.000000    
     pp_83_vks    5.0000000000000000E-02     1.000000         0.000000    
     pp_84_vks    7.0451791999999992E-03     1.000000         0.000000    
     pp_85_vks     5.349497000000000         1.000000         0.000000    
     pp_86_vks    5.0003341000000000E-03     1.000000         0.000000    
     pp_87_vks    5.0000000000000000E-03     1.000000         0.000000    
     pp_88_vks    2.5000000000000000E-02     1.000000         0.000000    
     pp_89_vks    2.5000000000000000E-02     1.000000         0.000000    
     pp_90_vks    2.4999633000000000E-02     1.000000         0.000000    
     pp_91_vks    2.5000000000000000E-02     1.000000         0.000000    
     pp_92_vks    0.1000000000000000         1.000000         0.000000    
     pp_93_vks    5.0000000000000000E-03     1.000000         0.000000    
     pp_94_vks    0.1000000000000000         1.000000         0.000000    
     pp_95_vks    1.0000000000000000E-03     1.000000         0.000000    
     pp_96_vks    1.0002080000000000E-03     1.000000         0.000000    
     pp_97_vks    1.0002804000000000E-03     1.000000         0.000000    
     pp_98_vks    1.0052560000000000E-03     1.000000         0.000000    
     pp_99_vks    1.0000000000000000E-03     1.000000         0.000000    
    pp_100_vks    2.2434820000000000E-04     1.000000         0.000000    
      pp_1_l_1     10.00136000000000         1.000000         0.000000    
      pp_2_l_1     10.00692000000000         1.000000         0.000000    
      pp_3_l_1     9.992560000000000         1.000000         0.000000    
      pp_4_l_1     9.997145000000000         1.000000         0.000000    
      pp_5_l_1     9.994328000000000         1.000000         0.000000    
      pp_6_l_1     10.01198000000000         1.000000         0.000000    
      pp_7_l_1     1.000001000000000         1.000000         0.000000    
      pp_8_l_1     10.00710000000000         1.000000         0.000000    
      pp_9_l_1     1.000000000000000         1.000000         0.000000    
     pp_10_l_1     1.001632000000000         1.000000         0.000000    
     pp_11_l_1     11.03589000000000         1.000000         0.000000    
     pp_12_l_1     10.00000000000000         1.000000         0.000000    
     pp_13_l_1     1.000010000000000         1.000000         0.000000    
     pp_14_l_1     10.00000000000000         1.000000         0.000000    
     pp_15_l_1     10.00000000000000         1.000000         0.000000    
     pp_16_l_1     10.00000000000000         1.000000         0.000000    
     pp_17_l_1     9.999771000000000         1.000000         0.000000    
     pp_18_l_1     10.00000000000000         1.000000         0.000000    
     pp_19_l_1     10.00000000000000         1.000000         0.000000    
     pp_20_l_1     10.00000000000000         1.000000         0.000000    
     pp_21_l_1     10.00000000000000         1.000000         0.000000    
     pp_22_l_1     10.00000000000000         1.000000         0.000000    
     pp_23_l_1     10.00000000000000         1.000000         0.000000    
     pp_24_l_1     10.00000000000000         1.000000         0.000000    
     pp_25_l_1     9.981010000000000         1.000000         0.000000    
     pp_26_l_1     9.999979000000000         1.000000         0.000000    
     pp_27_l_1     10.00000000000000         1.000000         0.000000    
     pp_28_l_1     10.00000000000000         1.000000         0.000000    
     pp_29_l_1     10.00000000000000         1.000000         0.000000    
     pp_30_l_1     10.00000000000000         1.000000         0.000000    
     pp_31_l_1     10.00343000000000         1.000000         0.000000    
     pp_32_l_1     10.00000000000000         1.000000         0.000000    
     pp_33_l_1     10.00000000000000         1.000000         0.000000    
     pp_34_l_1     1.000000000000000         1.000000         0.000000    
     pp_35_l_1     9.944493000000000         1.000000         0.000000    
     pp_36_l_1     1.000040000000000         1.000000         0.000000    
     pp_37_l_1     1.000001000000000         1.000000         0.000000    
     pp_38_l_1     10.00000000000000         1.000000         0.000000    
     pp_39_l_1     10.00000000000000         1.000000         0.000000    
     pp_40_l_1     9.913476000000000         1.000000         0.000000    
     pp_41_l_1     10.00000000000000         1.000000         0.000000    
     pp_42_l_1     100.0000000000000         1.000000         0.000000    
     pp_43_l_1     10.00000000000000         1.000000         0.000000    
     pp_44_l_1     10.00000000000000         1.000000         0.000000    
     pp_45_l_1     10.00000000000000         1.000000         0.000000    
     pp_46_l_1     100.0000000000000         1.000000         0.000000    
     pp_47_l_1     10.00000000000000         1.000000         0.000000    
     pp_48_l_1     10.00000000000000         1.000000         0.000000    
     pp_49_l_1     10.00000000000000         1.000000         0.000000    
     pp_50_l_1     10.00000000000000         1.000000         0.000000    
     pp_51_l_1     10.00000000000000         1.000000         0.000000    
     pp_52_l_1     10.00000000000000         1.000000         0.000000    
     pp_53_l_1     100.0000000000000         1.000000         0.000000    
     pp_54_l_1     10.00000000000000         1.000000         0.000000    
     pp_55_l_1     100.0000000000000         1.000000         0.000000    
     pp_56_l_1     100.0000000000000         1.000000         0.000000    
     pp_57_l_1     10.00000000000000         1.000000         0.000000    
     pp_58_l_1     10.00000000000000         1.000000         0.000000    
     pp_59_l_1     100.0000000000000         1.000000         0.000000    
     pp_60_l_1     10.00000000000000         1.000000         0.000000    
     pp_61_l_1     10.00000000000000         1.000000         0.000000    
     pp_62_l_1     100.0000000000000         1.000000         0.000000    
     pp_63_l_1     10.00000000000000         1.000000         0.000000    
     pp_64_l_1     100.0000000000000         1.000000         0.000000    
     pp_65_l_1     10.00000000000000         1.000000         0.000000    
     pp_66_l_1     100.0000000000000         1.000000         0.000000    
     pp_67_l_1     10.00000000000000         1.000000         0.000000    
     pp_68_l_1     100.0000000000000         1.000000         0.000000    
     pp_69_l_1     100.0000000000000         1.000000         0.000000    
     pp_70_l_1     100.0000000000000         1.000000         0.000000    
     pp_71_l_1     100.0000000000000         1.000000         0.000000    
     pp_72_l_1     100.0000000000000         1.000000         0.000000    
     pp_73_l_1     100.0000000000000         1.000000         0.000000    
     pp_74_l_1     10.00000000000000         1.000000         0.000000    
     pp_75_l_1     100.0000000000000         1.000000         0.000000    
     pp_76_l_1     10.00000000000000         1.000000         0.000000    
     pp_77_l_1     10.00000000000000         1.000000         0.000000    
     pp_78_l_1     10.00000000000000         1.000000         0.000000    
     pp_79_l_1     10.00000000000000         1.000000         0.000000    
     pp_80_l_1     10.00000000000000         1.000000         0.000000    
     pp_81_l_1     10.00000000000000         1.000000         0.000000    
     pp_82_l_1     10.00000000000000         1.000000         0.000000    
     pp_83_l_1     100.0000000000000         1.000000         0.000000    
     pp_84_l_1     10.00000000000000         1.000000         0.000000    
     pp_85_l_1     100.0000000000000         1.000000         0.000000    
     pp_86_l_1     10.00000000000000         1.000000         0.000000    
     pp_87_l_1     10.00000000000000         1.000000         0.000000    
     pp_88_l_1     100.0000000000000         1.000000         0.000000    
     pp_89_l_1     10.00000000000000         1.000000         0.000000    
     pp_90_l_1     10.00000000000000         1.000000         0.000000    
     pp_91_l_1     100.0000000000000         1.000000         0.000000    
     pp_92_l_1     100.0000000000000         1.000000         0.000000    
     pp_93_l_1     10.00000000000000         1.000000         0.000000    
     pp_94_l_1     10.00000000000000         1.000000         0.000000    
     pp_95_l_1     10.00000000000000         1.000000         0.000000    
     pp_96_l_1     10.00000000000000         1.000000         0.000000    
     pp_97_l_1     10.00000000000000         1.000000         0.000000    
     pp_98_l_1     10.00000000000000         1.000000         0.000000    
     pp_99_l_1     10.00000000000000         1.000000         0.000000    
    pp_100_l_1     10.00000000000000         1.000000         0.000000    
      pp_1_l_2     5.000161000000000         1.000000         0.000000    
      pp_2_l_2     5.005431000000000         1.000000         0.000000    
      pp_3_l_2     19.98616000000000         1.000000         0.000000    
      pp_4_l_2     5.004524000000000         1.000000         0.000000    
      pp_5_l_2     4.999967000000000         1.000000         0.000000    
      pp_6_l_2     5.009680000000000         1.000000         0.000000    
      pp_7_l_2     20.01662000000000         1.000000         0.000000    
      pp_8_l_2     20.01770000000000         1.000000         0.000000    
      pp_9_l_2     5.001218000000000         1.000000         0.000000    
     pp_10_l_2     5.069190000000000         1.000000         0.000000    
     pp_11_l_2     4.996032000000000         1.000000         0.000000    
     pp_12_l_2     4.996834000000000         1.000000         0.000000    
     pp_13_l_2     1.000000000000000         1.000000         0.000000    
     pp_14_l_2     5.518082000000000         1.000000         0.000000    
     pp_15_l_2     5.000000000000000         1.000000         0.000000    
     pp_16_l_2     4.996632000000000         1.000000         0.000000    
     pp_17_l_2     1.000000000000000         1.000000         0.000000    
     pp_18_l_2     5.000000000000000         1.000000         0.000000    
     pp_19_l_2     5.000056000000000         1.000000         0.000000    
     pp_20_l_2     4.953031000000000         1.000000         0.000000    
     pp_21_l_2     20.00286000000000         1.000000         0.000000    
     pp_22_l_2     4.992635000000000         1.000000         0.000000    
     pp_23_l_2     5.000142000000000         1.000000         0.000000    
     pp_24_l_2     20.00002000000000         1.000000         0.000000    
     pp_25_l_2     19.99982000000000         1.000000         0.000000    
     pp_26_l_2     4.999995000000000         1.000000         0.000000    
     pp_27_l_2     5.000000000000000         1.000000         0.000000    
     pp_28_l_2     5.370756000000000         1.000000         0.000000    
     pp_29_l_2     20.00000000000000         1.000000         0.000000    
     pp_30_l_2     5.000209000000000         1.000000         0.000000    
     pp_31_l_2     5.175381000000000         1.000000         0.000000    
     pp_32_l_2     5.127922000000000         1.000000         0.000000    
     pp_33_l_2     5.000000000000000         1.000000         0.000000    
     pp_34_l_2     19.98132000000000         1.000000         0.000000    
     pp_35_l_2     4.999503000000000         1.000000         0.000000    
     pp_36_l_2     19.43971000000000         1.000000         0.000000    
     pp_37_l_2     1.000000000000000         1.000000         0.000000    
     pp_38_l_2     5.000000000000000         1.000000         0.000000    
     pp_39_l_2     5.000000000000000         1.000000         0.000000    
     pp_40_l_2     5.058303000000000         1.000000         0.000000    
     pp_41_l_2     20.00000000000000         1.000000         0.000000    
     pp_42_l_2     20.70252000000000         1.000000         0.000000    
     pp_43_l_2     5.000000000000000         1.000000         0.000000    
     pp_44_l_2     357.7258000000000         1.000000         0.000000    
     pp_45_l_2     5.000000000000000         1.000000         0.000000    
     pp_46_l_2     20.00000000000000         1.000000         0.000000    
     pp_47_l_2     1.000000000000000         1.000000         0.000000    
     pp_48_l_2     5.000000000000000         1.000000         0.000000    
     pp_49_l_2     1.000000000000000         1.000000         0.000000    
     pp_50_l_2     20.00000000000000         1.000000         0.000000    
     pp_51_l_2     5.000000000000000         1.000000         0.000000    
     pp_52_l_2     8.349134000000000         1.000000         0.000000    
     pp_53_l_2     20.00000000000000         1.000000         0.000000    
     pp_54_l_2     20.00000000000000         1.000000         0.000000    
     pp_55_l_2     20.00000000000000         1.000000         0.000000    
     pp_56_l_2     19.52631000000000         1.000000         0.000000    
     pp_57_l_2     5.000000000000000         1.000000         0.000000    
     pp_58_l_2     5.000000000000000         1.000000         0.000000    
     pp_59_l_2     29.24822000000000         1.000000         0.000000    
     pp_60_l_2     20.00000000000000         1.000000         0.000000    
     pp_61_l_2     5.000000000000000         1.000000         0.000000    
     pp_62_l_2     20.00000000000000         1.000000         0.000000    
     pp_63_l_2     5.000000000000000         1.000000         0.000000    
     pp_64_l_2     20.00000000000000         1.000000         0.000000    
     pp_65_l_2     26.92220000000000         1.000000         0.000000    
     pp_66_l_2     20.00000000000000         1.000000         0.000000    
     pp_67_l_2     5.999777000000000         1.000000         0.000000    
     pp_68_l_2     5.000020000000000         1.000000         0.000000    
     pp_69_l_2     5.000000000000000         1.000000         0.000000    
     pp_70_l_2     5.042230000000000         1.000000         0.000000    
     pp_71_l_2     20.00000000000000         1.000000         0.000000    
     pp_72_l_2     20.00000000000000         1.000000         0.000000    
     pp_73_l_2     20.00000000000000         1.000000         0.000000    
     pp_74_l_2     20.00000000000000         1.000000         0.000000    
     pp_75_l_2     20.00000000000000         1.000000         0.000000    
     pp_76_l_2     20.00000000000000         1.000000         0.000000    
     pp_77_l_2     1.006270000000000         1.000000         0.000000    
     pp_78_l_2     20.00000000000000         1.000000         0.000000    
     pp_79_l_2     5.000000000000000         1.000000         0.000000    
     pp_80_l_2     172.4854000000000         1.000000         0.000000    
     pp_81_l_2     5.001435000000000         1.000000         0.000000    
     pp_82_l_2     5.000000000000000         1.000000         0.000000    
     pp_83_l_2     5.000000000000000         1.000000         0.000000    
     pp_84_l_2     20.00000000000000         1.000000         0.000000    
     pp_85_l_2     20.00000000000000         1.000000         0.000000    
     pp_86_l_2     20.00000000000000         1.000000         0.000000    
     pp_87_l_2     5.001551000000000         1.000000         0.000000    
     pp_88_l_2     20.00000000000000         1.000000         0.000000    
     pp_89_l_2     20.00000000000000         1.000000         0.000000    
     pp_90_l_2     5.008891000000000         1.000000         0.000000    
     pp_91_l_2     20.00000000000000         1.000000         0.000000    
     pp_92_l_2     44.17859000000000         1.000000         0.000000    
     pp_93_l_2     283.4650000000000         1.000000         0.000000    
     pp_94_l_2     4.916227000000000         1.000000         0.000000    
     pp_95_l_2     5.000000000000000         1.000000         0.000000    
     pp_96_l_2     20.00000000000000         1.000000         0.000000    
     pp_97_l_2     5.813984000000000         1.000000         0.000000    
     pp_98_l_2     1.000000000000000         1.000000         0.000000    
     pp_99_l_2     20.00000000000000         1.000000         0.000000    
    pp_100_l_2     5.000000000000000         1.000000         0.000000    
      pp_1_l_3    1.0000000000000000E-04     1.000000         0.000000    
      pp_2_l_3    1.0000000000000000E-04     1.000000         0.000000    
      pp_3_l_3    1.0000000000000000E-04     1.000000         0.000000    
      pp_4_l_3    1.0000000000000000E-04     1.000000         0.000000    
      pp_5_l_3    1.0000000000000000E-04     1.000000         0.000000    
      pp_6_l_3    1.0000000000000000E-04     1.000000         0.000000    
      pp_7_l_3    1.0000000000000000E-04     1.000000         0.000000    
      pp_8_l_3    1.0000000000000000E-04     1.000000         0.000000    
      pp_9_l_3    1.0000000000000000E-04     1.000000         0.000000    
     pp_10_l_3    1.0000001000000000E-04     1.000000         0.000000    
     pp_11_l_3    9.9999931000000000E-05     1.000000         0.000000    
     pp_12_l_3    9.9989045000000000E-05     1.000000         0.000000    
     pp_13_l_3    9.9956010000000000E-05     1.000000         0.000000    
     pp_14_l_3    1.0000000000000000E-04     1.000000         0.000000    
     pp_15_l_3    1.0004206000000000E-04     1.000000         0.000000    
     pp_16_l_3    1.0000000000000000E-04     1.000000         0.000000    
     pp_17_l_3    1.0000009000000000E-04     1.000000         0.000000    
     pp_18_l_3    1.0000002000000000E-04     1.000000         0.000000    
     pp_19_l_3    1.0000000000000000E-04     1.000000         0.000000    
     pp_20_l_3    1.0000000000000000E-04     1.000000         0.000000    
     pp_21_l_3    1.0000000000000000E-04     1.000000         0.000000    
     pp_22_l_3    1.0000000000000000E-04     1.000000         0.000000    
     pp_23_l_3    9.9999533000000000E-05     1.000000         0.000000    
     pp_24_l_3    1.0000000000000000E-04     1.000000         0.000000    
     pp_25_l_3    1.0000000000000000E-04     1.000000         0.000000    
     pp_26_l_3    1.0000000000000000E-04     1.000000         0.000000    
     pp_27_l_3    1.4359915000000000E-04     1.000000         0.000000    
     pp_28_l_3    1.0019153000000000E-04     1.000000         0.000000    
     pp_29_l_3    1.0000040000000000E-04     1.000000         0.000000    
     pp_30_l_3    9.9601391000000000E-05     1.000000         0.000000    
     pp_31_l_3    1.0790394000000000E-04     1.000000         0.000000    
     pp_32_l_3    1.0000479000000000E-04     1.000000         0.000000    
     pp_33_l_3    9.8259856000000000E-05     1.000000         0.000000    
     pp_34_l_3    1.4274651000000000E-02     1.000000         0.000000    
     pp_35_l_3    1.0000000000000000E-04     1.000000         0.000000    
     pp_36_l_3    1.4910407000000000E-02     1.000000         0.000000    
     pp_37_l_3    9.9999994000000000E-05     1.000000         0.000000    
     pp_38_l_3    1.0000675000000000E-04     1.000000         0.000000    
     pp_39_l_3    1.0000001000000000E-04     1.000000         0.000000    
     pp_40_l_3    1.0000000000000000E-04     1.000000         0.000000    
     pp_41_l_3    0.1417308000000000         1.000000         0.000000    
     pp_42_l_3    0.1417280000000000         1.000000         0.000000    
     pp_43_l_3    1.4200000000000000E-04     1.000000         0.000000    
     pp_44_l_3    0.1417320000000000         1.000000         0.000000    
     pp_45_l_3    1.0000003000000000E-04     1.000000         0.000000    
     pp_46_l_3    1.4086570000000000E-02     1.000000         0.000000    
     pp_47_l_3    9.9999961000000000E-05     1.000000         0.000000    
     pp_48_l_3    1.4200000000000000E-04     1.000000         0.000000    
     pp_49_l_3    9.9842507000000000E-05     1.000000         0.000000    
     pp_50_l_3    1.4142253000000000E-02     1.000000         0.000000    
     pp_51_l_3    1.0003484000000000E-04     1.000000         0.000000    
     pp_52_l_3    9.8229182000000000E-05     1.000000         0.000000    
     pp_53_l_3    1.4137096000000000E-02     1.000000         0.000000    
     pp_54_l_3    1.4171685000000000E-02     1.000000         0.000000    
     pp_55_l_3    1.4173250000000000E-02     1.000000         0.000000    
     pp_56_l_3    1.4173242000000000E-02     1.000000         0.000000    
     pp_57_l_3    1.4200000000000000E-04     1.000000         0.000000    
     pp_58_l_3    1.4200000000000000E-04     1.000000         0.000000    
     pp_59_l_3    1.4173250000000000E-02     1.000000         0.000000    
     pp_60_l_3    1.4173250000000000E-02     1.000000         0.000000    
     pp_61_l_3    1.4200000000000000E-04     1.000000         0.000000    
     pp_62_l_3    1.4173250000000000E-02     1.000000         0.000000    
     pp_63_l_3    1.4200000000000000E-04     1.000000         0.000000    
     pp_64_l_3    1.4173250000000000E-02     1.000000         0.000000    
     pp_65_l_3    1.4173250000000000E-02     1.000000         0.000000    
     pp_66_l_3    1.4173250000000000E-02     1.000000         0.000000    
     pp_67_l_3    1.4173250000000000E-02     1.000000         0.000000    
     pp_68_l_3    1.4173250000000000E-02     1.000000         0.000000    
     pp_69_l_3    1.4173250000000000E-02     1.000000         0.000000    
     pp_70_l_3    1.4173250000000000E-02     1.000000         0.000000    
     pp_71_l_3    1.4173250000000000E-02     1.000000         0.000000    
     pp_72_l_3    1.4019382000000000E-02     1.000000         0.000000    
     pp_73_l_3    1.3709251000000000E-02     1.000000         0.000000    
     pp_74_l_3    1.4173329000000000E-03     1.000000         0.000000    
     pp_75_l_3    1.3895418000000000E-02     1.000000         0.000000    
     pp_76_l_3    1.4173471000000000E-03     1.000000         0.000000    
     pp_77_l_3    1.8105056000000000E-03     1.000000         0.000000    
     pp_78_l_3    1.4174154000000000E-03     1.000000         0.000000    
     pp_79_l_3    1.4173300000000000E-03     1.000000         0.000000    
     pp_80_l_3    1.4200000000000000E-04     1.000000         0.000000    
     pp_81_l_3    1.4173222000000000E-02     1.000000         0.000000    
     pp_82_l_3    1.4173250000000000E-02     1.000000         0.000000    
     pp_83_l_3    1.4173250000000000E-02     1.000000         0.000000    
     pp_84_l_3    1.4173250000000000E-02     1.000000         0.000000    
     pp_85_l_3    1.4173250000000000E-02     1.000000         0.000000    
     pp_86_l_3    1.4173250000000000E-02     1.000000         0.000000    
     pp_87_l_3    1.4173250000000000E-02     1.000000         0.000000    
     pp_88_l_3    1.4173250000000000E-02     1.000000         0.000000    
     pp_89_l_3    1.4173250000000000E-02     1.000000         0.000000    
     pp_90_l_3    1.4173250000000000E-02     1.000000         0.000000    
     pp_91_l_3    1.4173250000000000E-02     1.000000         0.000000    
     pp_92_l_3    1.4173250000000000E-02     1.000000         0.000000    
     pp_93_l_3    1.4173250000000000E-02     1.000000         0.000000    
     pp_94_l_3    1.4200000000000000E-04     1.000000         0.000000    
     pp_95_l_3    1.8419748000000000E-03     1.000000         0.000000    
     pp_96_l_3    1.4173300000000000E-03     1.000000         0.000000    
     pp_97_l_3    9.9978965000000000E-05     1.000000         0.000000    
     pp_98_l_3    1.4173250000000000E-02     1.000000         0.000000    
     pp_99_l_3    9.9999878000000000E-05     1.000000         0.000000    
    pp_100_l_3    1.0000294000000000E-04     1.000000         0.000000    
      pp_1_l_4    1.0000000000000001E-05     1.000000         0.000000    
      pp_2_l_4    1.0000000000000001E-05     1.000000         0.000000    
      pp_3_l_4    1.0000000000000001E-05     1.000000         0.000000    
      pp_4_l_4    1.0000000000000001E-05     1.000000         0.000000    
      pp_5_l_4    1.0000000000000001E-05     1.000000         0.000000    
      pp_6_l_4    1.0000000000000001E-05     1.000000         0.000000    
      pp_7_l_4    1.0000000000000001E-05     1.000000         0.000000    
      pp_8_l_4    1.0000000000000001E-05     1.000000         0.000000    
      pp_9_l_4    1.0000000000000001E-05     1.000000         0.000000    
     pp_10_l_4    1.0000000000000001E-05     1.000000         0.000000    
     pp_11_l_4    1.0000000000000001E-05     1.000000         0.000000    
     pp_12_l_4    1.0000000000000001E-05     1.000000         0.000000    
     pp_13_l_4    1.0000000000000001E-05     1.000000         0.000000    
     pp_14_l_4    1.0000000000000001E-05     1.000000         0.000000    
     pp_15_l_4    1.0000000000000001E-05     1.000000         0.000000    
     pp_16_l_4    1.0000000000000001E-05     1.000000         0.000000    
     pp_17_l_4    1.0000000000000001E-05     1.000000         0.000000    
     pp_18_l_4    1.0000000000000001E-05     1.000000         0.000000    
     pp_19_l_4    1.0000000000000001E-05     1.000000         0.000000    
     pp_20_l_4    1.0000000000000001E-05     1.000000         0.000000    
     pp_21_l_4    1.0000000000000001E-05     1.000000         0.000000    
     pp_22_l_4    1.0000000000000001E-05     1.000000         0.000000    
     pp_23_l_4    1.0000000000000001E-05     1.000000         0.000000    
     pp_24_l_4    1.0000000000000001E-05     1.000000         0.000000    
     pp_25_l_4    1.0000000000000001E-05     1.000000         0.000000    
     pp_26_l_4    1.0000000000000001E-05     1.000000         0.000000    
     pp_27_l_4    9.9999378000000000E-06     1.000000         0.000000    
     pp_28_l_4    1.0000000000000001E-05     1.000000         0.000000    
     pp_29_l_4    1.0000000000000001E-05     1.000000         0.000000    
     pp_30_l_4    1.0000000000000001E-05     1.000000         0.000000    
     pp_31_l_4    1.0000000000000001E-05     1.000000         0.000000    
     pp_32_l_4    1.0000000000000001E-05     1.000000         0.000000    
     pp_33_l_4    1.0000000000000001E-05     1.000000         0.000000    
     pp_34_l_4    1.0000000000000001E-05     1.000000         0.000000    
     pp_35_l_4    1.0000000000000001E-05     1.000000         0.000000    
     pp_36_l_4    1.0000000000000001E-05     1.000000         0.000000    
     pp_37_l_4    1.0000000000000001E-05     1.000000         0.000000    
     pp_38_l_4    1.0000000000000001E-05     1.000000         0.000000    
     pp_39_l_4    1.0000000000000001E-05     1.000000         0.000000    
     pp_40_l_4    1.0000000000000001E-05     1.000000         0.000000    
     pp_41_l_4    1.0000000000000001E-05     1.000000         0.000000    
     pp_42_l_4    1.0000000000000001E-05     1.000000         0.000000    
     pp_43_l_4    1.0000000000000001E-05     1.000000         0.000000    
     pp_44_l_4    1.0000000000000001E-05     1.000000         0.000000    
     pp_45_l_4    1.0000000000000001E-05     1.000000         0.000000    
     pp_46_l_4    1.0000000000000001E-05     1.000000         0.000000    
     pp_47_l_4    1.0000000000000001E-05     1.000000         0.000000    
     pp_48_l_4    1.0000243000000000E-05     1.000000         0.000000    
     pp_49_l_4    1.0000000000000001E-05     1.000000         0.000000    
     pp_50_l_4    1.0000000000000001E-05     1.000000         0.000000    
     pp_51_l_4    1.0000000000000001E-05     1.000000         0.000000    
     pp_52_l_4    1.0000000000000001E-05     1.000000         0.000000    
     pp_53_l_4    1.0000000000000001E-05     1.000000         0.000000    
     pp_54_l_4    1.0000000000000001E-05     1.000000         0.000000    
     pp_55_l_4    1.0000000000000001E-05     1.000000         0.000000    
     pp_56_l_4    1.0000000000000001E-05     1.000000         0.000000    
     pp_57_l_4    1.0000000000000001E-05     1.000000         0.000000    
     pp_58_l_4    1.0000000000000001E-05     1.000000         0.000000    
     pp_59_l_4    1.0000000000000001E-05     1.000000         0.000000    
     pp_60_l_4    9.9999826000000000E-06     1.000000         0.000000    
     pp_61_l_4    1.0000000000000001E-05     1.000000         0.000000    
     pp_62_l_4    1.0000000000000001E-05     1.000000         0.000000    
     pp_63_l_4    1.0000000000000001E-05     1.000000         0.000000    
     pp_64_l_4    1.0000000000000001E-05     1.000000         0.000000    
     pp_65_l_4    9.9999920000000000E-06     1.000000         0.000000    
     pp_66_l_4    1.0000000000000001E-05     1.000000         0.000000    
     pp_67_l_4    1.0000000000000001E-05     1.000000         0.000000    
     pp_68_l_4    1.0000000000000001E-05     1.000000         0.000000    
     pp_69_l_4    1.0000000000000001E-05     1.000000         0.000000    
     pp_70_l_4    1.0000000000000001E-05     1.000000         0.000000    
     pp_71_l_4    1.0000000000000001E-05     1.000000         0.000000    
     pp_72_l_4    9.9999998999999984E-06     1.000000         0.000000    
     pp_73_l_4    1.0070127000000000E-05     1.000000         0.000000    
     pp_74_l_4    1.0000323000000000E-05     1.000000         0.000000    
     pp_75_l_4    1.0001309000000000E-05     1.000000         0.000000    
     pp_76_l_4    9.9995658000000000E-06     1.000000         0.000000    
     pp_77_l_4    1.1278611000000000E-05     1.000000         0.000000    
     pp_78_l_4    1.0000000000000001E-05     1.000000         0.000000    
     pp_79_l_4    1.0012781000000000E-05     1.000000         0.000000    
     pp_80_l_4    1.0000898000000000E-05     1.000000         0.000000    
     pp_81_l_4    9.9999563000000000E-06     1.000000         0.000000    
     pp_82_l_4    1.0000000000000001E-05     1.000000         0.000000    
     pp_83_l_4    1.0000000000000001E-05     1.000000         0.000000    
     pp_84_l_4    1.0000000000000001E-05     1.000000         0.000000    
     pp_85_l_4    1.0000000000000001E-05     1.000000         0.000000    
     pp_86_l_4    1.0000000000000001E-05     1.000000         0.000000    
     pp_87_l_4    1.0000000000000001E-05     1.000000         0.000000    
     pp_88_l_4    1.0000000000000001E-05     1.000000         0.000000    
     pp_89_l_4    1.0000000000000001E-05     1.000000         0.000000    
     pp_90_l_4    1.0000000000000001E-05     1.000000         0.000000    
     pp_91_l_4    1.0000000000000001E-05     1.000000         0.000000    
     pp_92_l_4    1.0000000000000001E-05     1.000000         0.000000    
     pp_93_l_4    1.0000000000000001E-05     1.000000         0.000000    
     pp_94_l_4    1.0000000000000001E-05     1.000000         0.000000    
     pp_95_l_4    1.0000000000000001E-05     1.000000         0.000000    
     pp_96_l_4    1.0000000000000001E-05     1.000000         0.000000    
     pp_97_l_4    1.0000000000000001E-05     1.000000         0.000000    
     pp_98_l_4    1.0000000000000001E-05     1.000000         0.000000    
     pp_99_l_4    1.0000000000000001E-05     1.000000         0.000000    
    pp_100_l_4    1.0000000000000001E-05     1.000000         0.000000    
    finf_zn_01    0.8070056000000000         1.000000         0.000000    
    finf_zn_02    0.4695300000000000         1.000000         0.000000    
    finf_zn_03    0.5119016000000000         1.000000         0.000000    
    finf_zn_04    0.6067146000000000         1.000000         0.000000    
    finf_zn_05    0.1500000000000000         1.000000         0.000000    
    finf_zn_06    0.4846876000000000         1.000000         0.000000    
    finf_zn_07    0.1500000000000000         1.000000         0.000000    
    finf_zn_08    0.4313965000000000         1.000000         0.000000    
    finf_zn_09    0.3932582000000000         1.000000         0.000000    
    finf_zn_10     1.053053000000000         1.000000         0.000000    
    finf_zn_11    0.6989738000000000         1.000000         0.000000    
    finf_zn_12    0.7012379000000000         1.000000         0.000000    
      surfk_lo    3.7887062000000000E-02     1.000000         0.000000    
      surfk_hi    8.9950553000000000E-02     1.000000         0.000000    
     pet_zn_01     1.500000000000000         1.000000         0.000000    
     pet_zn_02     1.499990000000000         1.000000         0.000000    
     pet_zn_03    0.2010196000000000         1.000000         0.000000    
     pet_zn_04     1.500000000000000         1.000000         0.000000    
     pet_zn_05     1.346400000000000         1.000000         0.000000    
     pet_zn_06    0.2000084000000000         1.000000         0.000000    
     pet_zn_07    0.5000005000000000         1.000000         0.000000    
     pet_zn_08    0.2000000000000000         1.000000         0.000000    
     pet_zn_09     1.459046000000000         1.000000         0.000000    
     pet_zn_10     1.378535000000000         1.000000         0.000000    
     pet_zn_11     1.499938000000000         1.000000         0.000000    
     pet_zn_12    0.4869317000000000         1.000000         0.000000    
