0 1963872
1 2269728
2 2236032
3 2347488
4 2431296
5 2381184
6 2306016
7 1937952
8 1599264
9 1700352
10  1839456
11  1661472
12  1520640
13  1554336
14  1491264
15  1918944
16  2567808
17  2687040
18  2296512
19  2027808
20  1786752
21  2056320
22  2801952
23  23740128
24  3890592
25  2322432
26  1909440
27  1494720
28  1481760
29  2533248
30  1422144
31  1359072
32  1660608
33  1391040
34  1129248
35  1154304
36  1123200
37  7043328
38  2313792
39  1595808
40  1838592
41  1254528
42  1252800
43  1149984
44  1140480
45  1159488
46  1207008
47  1408320
48  1391904
49  4931712
50  30753216
51  10207296
52  5229792
53  11549088
54  4178304
55  3526848
56  3318624
57  8273664
58  3793824
59  2690496
60  2756160
61  2396736
62  2064096
63  2039904
64  1901664
65  6527520
66  4799520
67  2538432
68  14008896
69  4663008
70  2954016
71  2533248
72  2371680
73  2335392
74  6882624
75  4089312
76  3303072
77  11169792
78  22842432
79  102875616
80  13808448
81  6671808
82  6492960
83  3951072
84  3370464
85  24468480
86  7153920
87  3913920
88  70557696
89  29596320
90  7712064
91  4627584
92  12504672
93  6624288
94  4088448
95  3687552
96  3319488
97  3231360
98  18144
99  17280
100 14688
101 2623104
102 3013632
103 2361312
104 3533760
105 2928096
106 2116800
107 1680480
108 1733184
109 1877472
110 1709856
111 1618272
112 1813536
113 1861920
114 1772928
115 1765152
116 1737504
117 1726272
118 2026080
119 2168640
120 3151008
121 14528160
122 3167424
123 2003616
124 1677888
125 1569024
126 1537920
127 1468800
128 1389312
129 1452384
130 1341792
131 1294272
132 1523232
133 1444608
134 1475712
135 1311552
136 1852416
137 14398560
138 24311232
139 49923648
140 52420608
141 42966720
142 15270336
143 7105536
144 4451328
145 3360960
146 27000864
147 76749120
148 15518304
149 6238080
150 4920480
151 3755808
152 3996864
153 3376512
154 3182976
155 3373920
156 19361376
157 4829760
158 3125088
159 2650752
160 2456352
161 2288736
162 2110752
163 8144928
164 4847904
165 13879296
166 12509856
167 4504032
168 59422464
169 87882624
170 112544640
171 97731360
172 86253120
173 115335360
174 301499712
175 116244288
176 117053856
177 87344352
178 50637312
179 14764896
180 9676800
181 7413120
182 5757696
183 5406912
184 5012064
185 4539456
186 3697920
187 4196448
188 5409504
189 4341600
190 3686688
191 3900096
192 3808512
193 2806272
194 4724352
195 3812832
196 3623616
197 3614112
198 3597696
199 3271968
200 2700000
201 2662848
202 2890080
203 2636064
204 3205440
205 3493152
206 3424032
207 2394144
208 3134592
209 2734560
210 2238624
211 2911680
212 3059424
213 2956608
214 2212704
215 2076192
216 1796256
217 2283552
218 2896128
219 3257280
220 3360096
221 2738016
222 2953152
223 2941056
224 2546208
225 5652288
226 5594400
227 4320000
228 6083424
229 3729024
230 2459808
231 2140992
232 2951424
233 3030048
234 2615328
235 1996704
236 2642112
237 2140128
238 2873664
239 2941056
240 2912544
241 2862432
242 3417984
243 3591648
244 2352672
245 2396736
246 21140352
247 8695296
248 3976992
249 2673216
250 2370816
251 2225664
252 2033856
253 1721952
254 1817856
255 2411424
256 2038176
257 1971648
258 2378592
259 2755296
260 2922048
261 2843424
262 1943136
263 1805760
264 1728000
265 1625184
266 1675296
267 2388096
268 2714688
269 2712096
270 26398656
271 5333472
272 3709152
273 3282336
274 2166912
275 1817856
276 1747872
277 1677888
278 1670112
279 2496096
280 2303424
281 2600640
282 2619648
283 1821312
284 2017440
285 1989792
286 1865376
287 1558656
288 2168640
289 2546208
290 2224800
291 1708128
292 1524960
293 1346112
294 1378080
295 2416608
296 2651616
297 2475360
298 1891296
299 2341440
300 1967328
301 1971648
302 2106432
303 1644192
304 1683936
305 1681344
306 1591488
307 1740096
308 2287008
309 2619648
310 2666304
311 2643840
312 2088288
313 1727136
314 1609632
315 1748736
316 1793664
317 1728864
318 1836864
319 1972512
320 1962144
321 1943136
322 2592
323 2880
324 3456
325 3168
326 2592
327 2592
328 2592
329 2304
330 1728
331 1728
332 1728
333 1728
334 1728
335 1728
336 1728
337 1728
338 1728
339 1728
340 1728
341 1440
342 1152
343 1440
344 1152
345 1728
346 1728
347 1728
348 2016
349 2592
350 2592
351 2592
352 2592
353 2304
354 1728
355 1440
356 864
357 864
358 864
359 1152
360 2016
361 2592
362 2304
363 2016
364 2592
365 2880
366 3744
367 4896
368 6048
369 5184
370 3456
371 3456
372 3168
373 2592
374 2880
375 3168
376 2592
377 2592
378 2592
379 2304
380 1728
381 1728
382 1728
383 2016
384 2592
385 2028672
386 2375136
387 2426976
388 1995840
389 1907712
390 1866240
391 1956960
392 2479680
393 2591136
394 2528928
395 2198016
396 2097792
397 2077056
398 2846016
399 3395520
400 5334336
401 3025728
402 2248128
403 2268000
404 2196288
405 2614464
406 2777760
407 2662848
408 2572992
409 1971648
410 2065824
411 1994976
412 1844640
413 2298240
414 4564512
415 7610112
416 1387584
417 1080864
418 1442880
419 1683072
420 1517184
421 1485216
422 1473984
423 1029888
424 989280
425 1129248
426 1271808
427 1386720
428 1386720
429 1384992
430 952992
431 825984
432 837216
433 1168992
434 1470528
435 1469664
436 1477440
437 1110240
438 1040256
439 1037664
440 1397952
441 1553472
442 1552608
443 1562112
444 1402272
445 1167264
446 1116288
447 952992
448 906336
449 828576
450 813024
451 807840
452 862272
453 931392
454 839808
455 873504
456 1059264
457 1296000
458 1296000
459 1028160
460 891648
461 878688
462 1199232
463 1552608
464 1636416
465 1539648
466 1715040
467 1277856
468 1083456
469 1289088
470 1151712
471 818208
472 806976
473 800928
474 1289952
475 1417824
476 61813152
477 21346848
478 12525408
479 22037184
480 3760128
481 2759616
482 2304288
483 2979072
484 2204064
485 1755648
486 1672704
487 1592352
488 1572480
489 1590624
490 2625696
491 2686176
492 2620512
493 2647296
494 5389632
495 2625696
496 2229120
497 2125440
498 1484352
499 1635552
500 3594240
501 3350592
502 3506976
503 2756160
504 2849472
505 2941056
506 2939328
507 2940192
508 2951424
509 2929824
510 3374784
511 3061152
512 2696544
513 2713824
514 2721600
515 4226688
516 15316128
517 8905248
518 3449088
519 3378240
520 4096224
521 4029696
522 3636576
523 3278880
524 2864160
525 2467584
526 2828736
527 2943648
528 2946240
529 7831296
530 7950528
531 3786912
532 47121696
533 9022752
534 3093120
535 2525472
536 2049408
537 1864512
538 2065824
539 2166912
540 21485088
541 17764704
542 4331232
543 24595488
544 9614592
545 3977856
546 2808000
547 22046688
548 4883328
549 3189024
550 3097440
551 3514752
552 3239136
553 3119904
554 2623104
555 3109536
556 3108672
557 17728416
558 11829888
559 61147872
560 55529280
561 9995616
562 5847552
563 4358016
564 3710016
565 2554848
566 2047680
567 1962144
568 9504
569 9216
570 2078784
571 1575936
572 3551040
573 5314464
574 2024352
575 1734912
576 1610496
577 1904256
578 2279232
579 1675296
580 2261952
581 2096928
582 2242944
583 2140128
584 2098656
585 2099520
586 1464480
587 1381536
588 1438560
589 1610496
590 1880064
591 1581984
592 1448928
593 1202688
594 1130976
595 1172448
596 6912
597 6912
598 6912
599 2348352
600 1429920
601 1108512
602 1060992
603 1110240
604 1181088
605 1194048
606 1490400
607 1354752
608 1395360
609 1912032
610 2201472
611 2150496
612 2147040
613 1388448
614 1220832
615 1238112
616 1762560
617 2277504
618 2130624
619 1175040
620 1000512
621 983232
622 994464
623 1092096
624 981504
625 942624
626 1122336
627 1287360
628 1233792
629 1404864
630 1150848
631 1374624
632 2025216
633 1739232
634 1232064
635 1421280
636 1264896
637 1300320
638 2074464
639 2225664
640 1734048
641 1602720
642 2184192
643 1461024
644 1802304
645 2157408
646 2066688
647 1293408
648 1519776
649 1584576
650 1248480
651 912384
652 1722816
653 2032992
654 1814400
655 1643328
656 1271808
657 1100736
658 1113696
659 1706400
660 1707264
661 1160352
662 963360
663 1255392
664 1118016
665 1016928
666 1058400
667 902016
668 905472
669 933120
670 941760
671 876096
672 845856
673 946080
674 1281312
675 1256256
676 1187136
677 1108512
678 869184
679 807840
680 714528
681 666144
682 724896
683 718848
684 743040
685 756000
686 830304
687 814752
688 765504
689 806112
690 801792
691 870912
692 1042848
693 1478304
694 1857600
695 1841184
696 1353888
697 1056672
698 1283040
699 1031616
700 1268352
701 1770336
702 1740960
703 1700352
704 1004832
705 889056
706 1019520
707 940896
708 1001376
709 774144
710 746496
711 765504
712 776736
713 766368
714 743904
715 721440
716 698976
717 679968
718 740448
719 786240
720 862272
721 866592
722 1071360
723 1454112
724 1507680
725 1054944
726 1272672
727 1385856
728 1828224
729 1335744
730 858816
731 797472
732 806976
733 766368
734 720576
735 711072
736 712800
737 714528
738 703296
739 727488
740 787104
741 856224
742 998784
743 1061856
744 932256
745 889056
746 863136
747 842400
748 769824
749 785376
750 778464
751 786240
752 7614432
753 4599936
754 1508544
755 1278720
756 1139616
757 1497312
758 1785024
759 1722816
760 1314144
761 2262816
762 6573312
763 2099520
764 2000160
765 1908576
766 1896480
767 1556064
768 1766016
769 2200608
770 3438720
771 1982016
772 1994976
773 1961280
774 1289088
775 1128384
776 973728
777 1563840
778 18499104
779 8843904
780 2045952
781 3564000
782 10410336
783 2945376
784 2395008
785 2241216
786 2194560
787 2117664
788 1881792
789 27650592
790 20786976
791 129384000
792 24979104
793 133922592
794 12168576
795 6084288
796 38218176
797 7989408
798 5123520
799 4383072
800 3774816
801 2874528
802 1901664
803 2725920
804 2767392
805 3204576
806 5591808
807 4676832
808 8122464
809 2524608
810 1766016
811 1680480
812 12272256
813 50351328
814 101774016
815 24617952
816 32877792
817 18086976
818 7782048
819 5201280
820 5332608
821 4339872
822 3817152
823 3496608
824 2932416
825 2438208
826 3244320
827 6377184
828 6600096
829 3658176
830 2725056
831 3297024
832 2396736
833 2268000
834 3193344
835 3093984
836 2281824
837 1412640
838 1389312
839 1417824
840 1358208
841 1334880
842 1627776
843 1706400
844 1582848
845 1757376
846 7637760
847 4726944
848 2740608
849 2519424
850 1618272
851 1780704
852 1855008
853 2024352
854 1473120
855 2379456
856 2613600
857 2203200
858 1680480
859 1876608
860 2071872
861 2452896
862 2519424
863 2454624
864 1494720
865 1499040
866 1944000
867 1912032
868 2185920
869 1594080
870 2047680
871 2701728
872 14319936
873 2936736
874 1831680
875 2720736
876 2757888
877 2654208
878 1723680
879 1913760
880 2542752
881 2115936
882 2659392
883 2624832
884 2575584
885 1570752
886 2500416
887 3141504
888 2761344
889 2998944
890 2536704
891 2476224
892 1537920
893 1242432
894 1694304
895 1841184
896 2398464
897 2478816
898 2447712
899 1486080
900 1402272
901 2439072
902 2155680
903 2309472
904 2539296
905 2809728
906 3210624
907 4469472
908 4987008
909 4966272
910 4126464
911 3504384
912 4578336
913 3396384
914 2208384
915 2638656
916 6862752
917 2948832
918 2320704
919 5939136
920 4109184
921 1613088
922 1369440
923 1383264
924 1259712
925 1202688
926 1190592
927 1150848
928 1145664
929 1081728
930 1074816
931 1043712
932 1071360
933 1023840
934 981504
935 926208
936 901152
937 833760
938 866592
939 1323648
940 2140992
941 1224288
942 793152
943 772416
944 1143072
945 1882656
946 1750464
947 1907712
948 2192832
949 1408320
950 1385856
951 1726272
952 2173824
953 2199744
954 2115936
955 1054080
956 787104
957 792288
958 1830816
959 1644192
960 1774656
961 743904
962 687744
963 676512
964 674784
965 762912
966 1765152
967 2096064
968 1983744
969 1969056
970 942624
971 1362528
972 2115936
973 1442016
974 1872288
975 1992384
976 914976
977 616896
978 603936
979 1705536
980 1901664
981 1885248
982 1858464
983 832032
984 654912
985 653184
986 835488
987 1128384
988 1628640
989 1813536
990 807840
991 983232
992 1389312
993 1601856
994 1748736
995 1649376
996 1483488
997 1950912
998 2190240
999 2588544
1000  2229120
1001  2065824
1002  2417472
1003  2295648
1004  2094336
1005  1120608
1006  1230336
1007  1902528
1008  1251072
1009  2218752
1010  2585952
1011  1641600
1012  1529280
1013  1317600
1014  1219104
1015  1226880
1016  1967328
1017  2134944
1018  1348704
1019  1179360
1020  1253664
1021  1519776
1022  1875744
1023  2252448
1024  2415744
1025  1556928
1026  1344384
1027  1807488
1028  2064960
1029  1965600
1030  2464992
1031  2592864
1032  1648512
1033  1372896
1034  1365984
1035  1490400
1036  1657152
1037  1921536
1038  1775520
1039  1578528
1040  1409184
1041  1266624
1042  1056672
1043  1075680
1044  1076544
1045  1058400
1046  876960
1047  800928
1048  794880
1049  806112
1050  818208
1051  793152
1052  921024
1053  908064
1054  1269216
1055  1157760
1056  928800
1057  822528
1058  1772064
1059  2078784
1060  1438560
1061  823392
1062  817344
1063  1225152
1064  2097792
1065  1743552
1066  1498176
1067  1490400
1068  1220832
1069  0.1
1070  1780704
1071  1390176
1072  1724544
1073  1760832
1074  917568
1075  578016
1076  555552
1077  809568
1078  1376352
1079  1816992
1080  1869696
1081  929664
1082  654912
1083  623808
1084  768096
1085  1641600
1086  11136096
1087  3769632
1088  1651104
1089  933120
1090  856224
1091  713664
1092  624672
1093  1502496
1094  1855008
1095  1024704
1096  975456
1097  1219104
1098  1344384
1099  1296000
1100  971136
1101  664416
1102  666144
1103  631584
1104  1379808
1105  889920
1106  1278720
1107  2080512
1108  1948320
1109  1003968
1110  798336
1111  940032
1112  1397088
1113  1724544
1114  1905984
1115  1899936
1116  971136
1117  706752
1118  775008
1119  819072
1120  1143072
1121  1874016
1122  2099520
1123  1372032
1124  895104
1125  949536
1126  1215648
1127  1925856
1128  2125440
1129  2080512
1130  1406592
1131  1070496
1132  970272
1133  1007424
1134  953856
1135  2102112
1136  1864512
1137  1766880
1138  1416096
1139  1380672
1140  1334016
1141  2064960
1142  2242080
1143  2106432
1144  1683072
1145  5088096
1146  33632064
1147  9810720
1148  2752704
1149  2592000
1150  2481408
1151  1806624
1152  1501632
1153  2210112
1154  2395008
1155  2302560
1156  2249856
1157  2201472
1158  1206144
1159  1180224
1160  978912
1161  1134432
1162  17053632
1163  7531488
1164  1978560
1165  1399680
1166  1175040
1167  1064448
1168  1004832
1169  1118880
1170  1218240
1171  2877984
1172  3885408
1173  3314304
1174  2041632
1175  1440288
1176  1184544
1177  1331424
1178  1651104
1179  1830816
1180  1791936
1181  1385856
1182  1186272
1183  1073952
1184  994464
1185  952128
1186  855360
1187  827712
1188  762912
1189  775872
1190  770688
1191  731808
1192  753408
1193  741312
1194  716256
1195  736992
1196  789696
1197  672192
1198  724032
1199  739584
1200  743040
1201  828576
1202  762912
1203  675648
1204  674784
1205  678240
1206  649728
1207  645408
1208  651456
1209  663552
1210  684288
1211  640224
1212  599616
1213  626400
1214  637632
1215  671328
1216  720576
1217  1069632
1218  889056
1219  657504
1220  9656064
1221  2630016
1222  1150848
1223  4393440
1224  13001472
1225  5832864
1226  24042528
1227  33748704
1228  5717952
1229  2223936
1230  1557792
1231  1425600
1232  1180224
1233  1092960
1234  1148256
1235  950400
1236  847584
1237  940032
1238  806976
1239  774144
1240  757728
1241  750816
1242  738720
1243  699840
1244  13327200
1245  19838304
1246  31459104
1247  4605984
1248  2267136
1249  2002752
1250  2144448
1251  5509728
1252  4821120
1253  1515456
1254  1172448
1255  1072224
1256  1067904
1257  978048
1258  866592
1259  816480
1260  815616
1261  793152
1262  771552
1263  758592
1264  706752
1265  703296
1266  718848
1267  667872
1268  662688
1269  628128
1270  632448
1271  1880928
1272  12820896
1273  2587680
1274  1120608
1275  9862560
1276  2743200
1277  20058624
1278  21362400
1279  5210784
1280  2002752
1281  4729536
1282  1782432
1283  1298592
1284  1163808
1285  1083456
1286  975456
1287  944352
1288  946080
1289  819936
1290  806976
1291  803520
1292  798336
1293  758592
1294  756864
1295  821664
1296  730944
1297  623808
1298  606528
1299  578016
1300  615168
1301  575424
1302  9999936
1303  3308256
1304  1092960
1305  831168
1306  711072
1307  705024
1308  655776
1309  587520
1310  547776
1311  538272
1312  520992
1313  525312
1314  508032
1315  491616
1316  666144
1317  611712
1318  612576
1319  609984
1320  477792
1321  484704
1322  454464
1323  396576
1324  425088
1325  425952
1326  415584
1327  467424
1328  496800
1329  455328
1330  466560
1331  395712
1332  482112
1333  368064
1334  361152
1335  309312
1336  361152
1337  381888
1338  326592
1339  370656
1340  382752
1341  375840
1342  533952
1343  397440
1344  316224
1345  298080
1346  306720
1347  304992
1348  311040
1349  305856
1350  290304
1351  295488
1352  279936
1353  283392
1354  294624
1355  415584
1356  334368
1357  339552
1358  360288
1359  374112
1360  348192
1361  390528
1362  366336
1363  379296
1364  393120
1365  419904
1366  425088
1367  463968
1368  400896
1369  368064
1370  343872
1371  335232
1372  377568
1373  333504
1374  314496
1375  358560
1376  352512
1377  364608
1378  342144
1379  279072
1380  280800
1381  267840
1382  290304
1383  279072
1384  253152
1385  224640
1386  266112
1387  265248
1388  257472
1389  259200
1390  300672
1391  250560
1392  222048
1393  241920
1394  225504
1395  184032
1396  155520
1397  177120
1398  171072
1399  184032
1400  187488
1401  157248
1402  252288
1403  213408
1404  265248
1405  222048
1406  210816
1407  181440
1408  216000
1409  235008
1410  228960
1411  215136
1412  190944
1413  202176
1414  212544
1415  190080
1416  165024
1417  163296
1418  180576
1419  233280
1420  220320
1421  194400
1422  188352
1423  168480
1424  196128
1425  195264
1426  190944
1427  177984
1428  192672
1429  206496
1430  176256
1431  181440
1432  182304
1433  175392
1434  221184
1435  241056
1436  230688
1437  237600
1438  239328
1439  228960
1440  239328
1441  213408
1442  222912
1443  207360
1444  161568
1445  193536
1446  152064
1447  188352
1448  202176
1449  257472
1450  266112
1451  244512
1452  224640
1453  201312
1454  190080
1455  3679776
1456  1077408
1457  456192
1458  313632
1459  307584
1460  269568
