0 1728
1 1728
2 1728
3 2592
4 2592
5 3456
6 4320
7 4320
8 4320
9 4320
10  3456
11  3456
12  3456
13  3456
14  2592
15  3456
16  6048
17  5184
18  5184
19  5184
20  5184
21  6048
22  6048
23  10368
24  7776
25  7776
26  6912
27  6912
28  7776
29  6048
30  6048
31  6048
32  5184
33  5184
34  5184
35  5184
36  6048
37  7776
38  6912
39  6048
40  6048
41  6048
42  6048
43  5184
44  5184
45  5184
46  4320
47  4320
48  5184
49  7776
50  15552
51  13824
52  11232
53  12096
54  11232
55  11232
56  11232
57  13824
58  12096
59  11232
60  11232
61  11232
62  9504
63  9504
64  9504
65  12096
66  10368
67  9504
68  19008
69  17280
70  13824
71  12960
72  12960
73  12960
74  14688
75  13824
76  13824
77  19008
78  31104
79  63072
80  26784
81  22464
82  20736
83  18144
84  16416
85  21600
86  18144
87  18144
88  85536
89  50112
90  29376
91  25920
92  25056
93  26784
94  22464
95  19872
96  19872
97  18144
98  18144
99  18144
100 13824
101 12960
102 12960
103 10368
104 11232
105 9504
106 9504
107 9504
108 9504
109 9504
110 9504
111 9504
112 9504
113 9504
114 9504
115 9504
116 9504
117 9504
118 9504
119 9504
120 10368
121 12096
122 11232
123 10368
124 9504
125 11232
126 11232
127 11232
128 11232
129 14688
130 13824
131 12096
132 14688
133 14688
134 14688
135 16416
136 16416
137 19872
138 21600
139 48384
140 102816
141 57888
142 31968
143 25920
144 24192
145 22464
146 52704
147 208224
148 58752
149 37152
150 29376
151 26784
152 25056
153 24192
154 21600
155 22464
156 24192
157 21600
158 20736
159 19872
160 18144
161 15552
162 14688
163 14688
164 14688
165 19008
166 19872
167 17280
168 103680
169 589248
170 412128
171 165024
172 112320
173 300672
174 8931168
175 18849024
176 18308160
177 14102208
178 10228896
179 7540128
180 5921856
181 4630176
182 3714336
183 3015360
184 2522016
185 2153088
186 1851552
187 1595808
188 1487808
189 1408320
190 1244160
191 1128384
192 1075680
193 953856
194 908928
195 810432
196 664416
197 279072
198 66528
199 26784
200 23328
201 24192
202 21600
203 19872
204 19008
205 19008
206 18144
207 17280
208 16416
209 15552
210 15552
211 15552
212 15552
213 14688
214 14688
215 14688
216 13824
217 13824
218 13824
219 13824
220 13824
221 11232
222 11232
223 11232
224 11232
225 12960
226 14688
227 14688
228 15552
229 15552
230 15552
231 15552
232 16416
233 17280
234 18144
235 19008
236 20736
237 20736
238 21600
239 21600
240 21600
241 20736
242 19872
243 19008
244 17280
245 18144
246 18144
247 13824
248 12096
249 9504
250 9504
251 6912
252 6912
253 6048
254 6048
255 6048
256 6048
257 6048
258 6048
259 6048
260 6048
261 6048
262 6048
263 6048
264 6048
265 6048
266 6048
267 6048
268 6048
269 6048
270 12960
271 6912
272 6048
273 5184
274 5184
275 4320
276 3456
277 2592
278 2592
279 2592
280 2592
281 2592
282 2592
283 3456
284 3456
285 4320
286 3456
287 4320
288 4320
289 4320
290 4320
291 3456
292 3456
293 3456
294 3456
295 3456
296 2592
297 3456
298 2592
299 2592
300 2592
301 2592
302 2592
303 2592
304 2592
305 2592
306 2592
307 2592
308 2592
309 2592
310 3456
311 3456
312 3456
313 3456
314 3456
315 3456
316 2592
317 2592
318 2592
319 2592
320 2592
321 2592
322 3456
323 3456
324 3456
325 3456
326 2592
327 2592
328 2592
329 1728
330 1728
331 1728
332 1728
333 1728
334 1728
335 1728
336 1728
337 1728
338 1728
339 1728
340 1728
341 864
342 864
343 864
344 864
345 1728
346 1728
347 1728
348 1728
349 2592
350 2592
351 2592
352 2592
353 1728
354 1728
355 864
356 864
357 864
358 864
359 1728
360 1728
361 1728
362 1728
363 1728
364 2592
365 2592
366 3456
367 5184
368 6912
369 3456
370 3456
371 3456
372 2592
373 2592
374 3456
375 3456
376 2592
377 2592
378 2592
379 1728
380 1728
381 1728
382 1728
383 1728
384 2592
385 2592
386 1728
387 1728
388 1728
389 2592
390 2592
391 2592
392 2592
393 2592
394 2592
395 2592
396 2592
397 2592
398 2592
399 3456
400 5184
401 6048
402 6048
403 5184
404 5184
405 6048
406 6048
407 6048
408 6048
409 6048
410 5184
411 4320
412 4320
413 5184
414 7776
415 8640
416 8640
417 6912
418 7776
419 8640
420 6912
421 6912
422 8640
423 8640
424 8640
425 8640
426 7776
427 6048
428 6048
429 6912
430 7776
431 8640
432 8640
433 9504
434 10368
435 10368
436 10368
437 10368
438 10368
439 10368
440 10368
441 10368
442 10368
443 10368
444 10368
445 8640
446 6048
447 6048
448 4320
449 4320
450 6048
451 6048
452 6048
453 6048
454 6048
455 6048
456 6048
457 6048
458 6048
459 6048
460 6048
461 6048
462 7776
463 6912
464 6912
465 7776
466 8640
467 8640
468 8640
469 8640
470 8640
471 8640
472 8640
473 8640
474 8640
475 6048
476 52704
477 50976
478 34560
479 38880
480 29376
481 28512
482 25920
483 20736
484 19008
485 17280
486 17280
487 15552
488 14688
489 12960
490 12096
491 11232
492 9504
493 10368
494 9504
495 8640
496 6912
497 5184
498 5184
499 5184
500 7776
501 6048
502 6048
503 5184
504 5184
505 5184
506 6048
507 6048
508 5184
509 5184
510 5184
511 4320
512 4320
513 6048
514 5184
515 5184
516 6912
517 6912
518 6048
519 6048
520 6048
521 6048
522 6048
523 6048
524 6048
525 6048
526 6048
527 6048
528 6048
529 7776
530 9504
531 8640
532 27648
533 18144
534 13824
535 12096
536 11232
537 10368
538 10368
539 10368
540 22464
541 21600
542 12960
543 16416
544 14688
545 12096
546 10368
547 19872
548 15552
549 12960
550 12096
551 10368
552 10368
553 9504
554 9504
555 9504
556 9504
557 11232
558 12096
559 35424
560 35424
561 16416
562 13824
563 12096
564 11232
565 10368
566 10368
567 9504
568 9504
569 9504
570 9504
571 9504
572 10368
573 11232
574 9504
575 9504
576 9504
577 9504
578 9504
579 9504
580 9504
581 9504
582 8640
583 8640
584 8640
585 6912
586 6912
587 6912
588 6912
589 6912
590 6912
591 6912
592 6912
593 6912
594 6912
595 6912
596 6912
597 6912
598 6912
599 6048
600 6048
601 6912
602 6912
603 6912
604 6912
605 7776
606 6912
607 6048
608 6048
609 6048
610 6048
611 6048
612 6048
613 6048
614 6048
615 6048
616 5184
617 5184
618 5184
619 4320
620 4320
621 5184
622 4320
623 4320
624 3456
625 3456
626 3456
627 3456
628 2592
629 2592
630 2592
631 2592
632 2592
633 2592
634 3456
635 2592
636 2592
637 1728
638 864
639 864
640 864
641 864
642 864
643 864
644 864
645 864
646 864
647 864
648 864
649 0.1
650 0.1
651 0.1
652 0.1
653 0.1
654 0.1
655 0.1
656 0.1
657 0.1
658 0.1
659 0.1
660 0.1
661 0.1
662 0.1
663 0.1
664 0.1
665 0.1
666 0.1
667 0.1
668 0.1
669 0.1
670 0.1
671 0.1
672 0.1
673 0.1
674 0.1
675 0.1
676 0.1
677 0.1
678 0.1
679 0.1
680 0.1
681 0.1
682 0.1
683 0.1
684 0.1
685 0.1
686 0.1
687 0.1
688 0.1
689 0.1
690 0.1
691 0.1
692 0.1
693 0.1
694 0.1
695 0.1
696 0.1
697 0.1
698 0.1
699 0.1
700 0.1
701 0.1
702 0.1
703 0.1
704 0.1
705 0.1
706 0.1
707 0.1
708 0.1
709 0.1
710 0.1
711 0.1
712 0.1
713 0.1
714 0.1
715 0.1
716 0.1
717 0.1
718 0.1
719 0.1
720 0.1
721 0.1
722 0.1
723 0.1
724 0.1
725 0.1
726 0.1
727 0.1
728 0.1
729 0.1
730 0.1
731 0.1
732 0.1
733 0.1
734 0.1
735 0.1
736 0.1
737 0.1
738 0.1
739 0.1
740 0.1
741 0.1
742 0.1
743 0.1
744 0.1
745 0.1
746 0.1
747 0.1
748 0.1
749 0.1
750 0.1
751 0.1
752 864
753 864
754 864
755 864
756 864
757 864
758 864
759 864
760 864
761 1728
762 1728
763 1728
764 1728
765 2592
766 2592
767 2592
768 2592
769 3456
770 3456
771 3456
772 3456
773 3456
774 3456
775 3456
776 3456
777 2592
778 4320
779 5184
780 5184
781 5184
782 5184
783 5184
784 5184
785 5184
786 5184
787 4320
788 4320
789 4320
790 6912
791 62208
792 16416
793 171936
794 21600
795 16416
796 20736
797 16416
798 13824
799 12960
800 11232
801 10368
802 10368
803 10368
804 9504
805 8640
806 9504
807 8640
808 8640
809 8640
810 6912
811 6912
812 9504
813 37152
814 716256
815 117504
816 112320
817 197856
818 60480
819 43200
820 36288
821 28512
822 23328
823 19872
824 18144
825 17280
826 15552
827 16416
828 19872
829 16416
830 15552
831 15552
832 14688
833 14688
834 12096
835 10368
836 9504
837 9504
838 9504
839 9504
840 9504
841 9504
842 7776
843 7776
844 8640
845 8640
846 12096
847 10368
848 10368
849 10368
850 9504
851 10368
852 8640
853 8640
854 8640
855 8640
856 8640
857 8640
858 9504
859 9504
860 9504
861 9504
862 9504
863 9504
864 9504
865 9504
866 10368
867 10368
868 9504
869 10368
870 10368
871 10368
872 12096
873 10368
874 11232
875 11232
876 11232
877 11232
878 10368
879 10368
880 10368
881 10368
882 10368
883 10368
884 10368
885 10368
886 10368
887 10368
888 11232
889 10368
890 9504
891 9504
892 9504
893 9504
894 9504
895 9504
896 8640
897 7776
898 6912
899 6912
900 7776
901 7776
902 6912
903 6912
904 6912
905 6912
906 6048
907 6048
908 5184
909 5184
910 5184
911 6048
912 5184
913 5184
914 4320
915 4320
916 4320
917 4320
918 4320
919 5184
920 6048
921 6048
922 6048
923 6048
924 6048
925 5184
926 5184
927 7776
928 9504
929 12096
930 13824
931 6048
932 4320
933 4320
934 4320
935 3456
936 4320
937 4320
938 4320
939 4320
940 3456
941 4320
942 4320
943 3456
944 2592
945 2592
946 1728
947 2592
948 2592
949 1728
950 1728
951 2592
952 2592
953 1728
954 1728
955 864
956 864
957 0.1
958 0.1
959 0.1
960 0.1
961 0.1
962 0.1
963 0.1
964 0.1
965 0.1
966 0.1
967 0.1
968 0.1
969 0.1
970 0.1
971 0.1
972 0.1
973 0.1
974 0.1
975 0.1
976 0.1
977 0.1
978 0.1
979 0.1
980 0.1
981 0.1
982 0.1
983 0.1
984 0.1
985 0.1
986 0.1
987 0.1
988 0.1
989 0.1
990 0.1
991 0.1
992 0.1
993 0.1
994 0.1
995 0.1
996 0.1
997 0.1
998 0.1
999 0.1
1000  0.1
1001  0.1
1002  0.1
1003  0.1
1004  0.1
1005  0.1
1006  0.1
1007  0.1
1008  0.1
1009  0.1
1010  0.1
1011  0.1
1012  0.1
1013  0.1
1014  0.1
1015  0.1
1016  0.1
1017  0.1
1018  0.1
1019  0.1
1020  0.1
1021  0.1
1022  0.1
1023  0.1
1024  0.1
1025  0.1
1026  0.1
1027  0.1
1028  0.1
1029  0.1
1030  0.1
1031  0.1
1032  0.1
1033  0.1
1034  0.1
1035  0.1
1036  0.1
1037  0.1
1038  0.1
1039  0.1
1040  0.1
1041  0.1
1042  0.1
1043  0.1
1044  0.1
1045  0.1
1046  0.1
1047  0.1
1048  0.1
1049  0.1
1050  0.1
1051  0.1
1052  0.1
1053  0.1
1054  0.1
1055  0.1
1056  0.1
1057  0.1
1058  0.1
1059  0.1
1060  0.1
1061  0.1
1062  0.1
1063  0.1
1064  0.1
1065  0.1
1066  0.1
1067  0.1
1068  0.1
1069  0.1
1070  0.1
1071  0.1
1072  0.1
1073  0.1
1074  0.1
1075  0.1
1076  0.1
1077  0.1
1078  0.1
1079  0.1
1080  0.1
1081  0.1
1082  0.1
1083  0.1
1084  0.1
1085  0.1
1086  0.1
1087  0.1
1088  0.1
1089  0.1
1090  0.1
1091  0.1
1092  0.1
1093  0.1
1094  0.1
1095  0.1
1096  0.1
1097  0.1
1098  0.1
1099  0.1
1100  0.1
1101  0.1
1102  0.1
1103  0.1
1104  0.1
1105  0.1
1106  0.1
1107  0.1
1108  0.1
1109  0.1
1110  0.1
1111  0.1
1112  0.1
1113  0.1
1114  0.1
1115  0.1
1116  0.1
1117  0.1
1118  0.1
1119  0.1
1120  0.1
1121  0.1
1122  0.1
1123  0.1
1124  0.1
1125  0.1
1126  0.1
1127  0.1
1128  864
1129  864
1130  864
1131  864
1132  864
1133  864
1134  864
1135  864
1136  864
1137  1728
1138  1728
1139  1728
1140  1728
1141  1728
1142  1728
1143  1728
1144  1728
1145  2592
1146  4320
1147  4320
1148  4320
1149  4320
1150  4320
1151  4320
1152  5184
1153  5184
1154  6048
1155  6048
1156  6048
1157  6048
1158  6048
1159  6048
1160  6048
1161  6048
1162  8640
1163  8640
1164  8640
1165  8640
1166  8640
1167  8640
1168  8640
1169  8640
1170  7776
1171  6048
1172  6048
1173  6048
1174  6048
1175  6912
1176  6048
1177  6912
1178  6912
1179  6912
1180  6912
1181  6912
1182  6912
1183  6048
1184  6048
1185  6048
1186  6048
1187  6048
1188  6048
1189  6048
1190  6048
1191  5184
1192  5184
1193  5184
1194  5184
1195  4320
1196  4320
1197  5184
1198  4320
1199  4320
1200  4320
1201  5184
1202  6048
1203  6048
1204  5184
1205  5184
1206  5184
1207  4320
1208  5184
1209  4320
1210  4320
1211  4320
1212  4320
1213  4320
1214  4320
1215  4320
1216  5184
1217  4320
1218  4320
1219  4320
1220  4320
1221  4320
1222  4320
1223  4320
1224  5184
1225  5184
1226  5184
1227  5184
1228  5184
1229  5184
1230  5184
1231  5184
1232  5184
1233  5184
1234  5184
1235  5184
1236  5184
1237  5184
1238  4320
1239  4320
1240  4320
1241  4320
1242  4320
1243  4320
1244  6048
1245  10368
1246  20736
1247  12960
1248  11232
1249  10368
1250  10368
1251  9504
1252  8640
1253  6912
1254  6912
1255  6912
1256  6048
1257  6048
1258  6048
1259  6048
1260  5184
1261  5184
1262  5184
1263  5184
1264  5184
1265  4320
1266  4320
1267  4320
1268  4320
1269  4320
1270  4320
1271  4320
1272  4320
1273  4320
1274  4320
1275  5184
1276  5184
1277  6912
1278  8640
1279  8640
1280  7776
1281  7776
1282  6912
1283  6048
1284  6048
1285  6048
1286  5184
1287  5184
1288  5184
1289  5184
1290  5184
1291  4320
1292  4320
1293  4320
1294  4320
1295  4320
1296  4320
1297  4320
1298  4320
1299  4320
1300  4320
1301  4320
1302  5184
1303  5184
1304  5184
1305  4320
1306  3456
1307  3456
1308  2592
1309  2592
1310  2592
1311  2592
1312  2592
1313  2592
1314  2592
1315  2592
1316  2592
1317  2592
1318  1728
1319  1728
1320  864
1321  864
1322  0.1
1323  0.1
1324  0.1
1325  0.1
1326  0.1
1327  0.1
1328  0.1
1329  0.1
1330  0.1
1331  0.1
1332  0.1
1333  0.1
1334  0.1
1335  0.1
1336  0.1
1337  0.1
1338  0.1
1339  0.1
1340  0.1
1341  0.1
1342  0.1
1343  0.1
1344  0.1
1345  0.1
1346  0.1
1347  0.1
1348  0.1
1349  0.1
1350  0.1
1351  0.1
1352  0.1
1353  0.1
1354  0.1
1355  0.1
1356  0.1
1357  0.1
1358  0.1
1359  0.1
1360  0.1
1361  0.1
1362  0.1
1363  0.1
1364  0.1
1365  0.1
1366  0.1
1367  0.1
1368  0.1
1369  0.1
1370  0.1
1371  0.1
1372  0.1
1373  0.1
1374  0.1
1375  0.1
1376  0.1
1377  0.1
1378  0.1
1379  0.1
1380  0.1
1381  0.1
1382  0.1
1383  0.1
1384  0.1
1385  0.1
1386  0.1
1387  0.1
1388  0.1
1389  0.1
1390  0.1
1391  0.1
1392  0.1
1393  0.1
1394  0.1
1395  0.1
1396  0.1
1397  0.1
1398  0.1
1399  0.1
1400  0.1
1401  0.1
1402  0.1
1403  0.1
1404  0.1
1405  0.1
1406  0.1
1407  0.1
1408  0.1
1409  0.1
1410  0.1
1411  0.1
1412  0.1
1413  0.1
1414  0.1
1415  0.1
1416  0.1
1417  0.1
1418  0.1
1419  0.1
1420  0.1
1421  0.1
1422  0.1
1423  0.1
1424  0.1
1425  0.1
1426  0.1
1427  0.1
1428  0.1
1429  0.1
1430  0.1
1431  0.1
1432  0.1
1433  0.1
1434  0.1
1435  0.1
1436  0.1
1437  864
1438  2592
1439  2592
1440  2592
1441  2592
1442  2592
1443  2592
1444  2592
1445  3456
1446  3456
1447  3456
1448  3456
1449  4320
1450  4320
1451  4320
1452  20736
1453  23328
1454  11232
1455  11232
1456  8640
1457  6048
1458  5184
1459  5184
1460  4320
