0 6048
1 6048
2 6048
3 6048
4 6912
5 8640
6 9504
7 9504
8 8640
9 8640
10  8640
11  7776
12  7776
13  7776
14  7776
15  7776
16  8640
17  10368
18  10368
19  9504
20  9504
21  10368
22  12096
23  17280
24  15552
25  12096
26  11232
27  10368
28  12096
29  13824
30  13824
31  12960
32  12096
33  12096
34  12096
35  12096
36  12096
37  21600
38  20736
39  19008
40  19008
41  17280
42  16416
43  16416
44  16416
45  15552
46  14688
47  14688
48  15552
49  20736
50  60480
51  72576
52  36288
53  2082240
54  1341792
55  369792
56  234144
57  1261440
58  1511136
59  455328
60  261792
61  227232
62  176256
63  158112
64  145152
65  178848
66  155520
67  208224
68  217728
69  216864
70  216000
71  217728
72  217728
73  217728
74  225504
75  224640
76  224640
77  188352
78  69120
79  6502464
80  44928
81  42336
82  42336
83  39744
84  39744
85  48384
86  47520
87  44064
88  14121216
89  5065632
90  25920
91  24192
92  25056
93  26784
94  25920
95  24192
96  24192
97  24192
98  24192
99  24192
100 24192
101 22464
102 23328
103 23328
104 22464
105 22464
106 21600
107 21600
108 21600
109 21600
110 21600
111 21600
112 22464
113 24192
114 24192
115 24192
116 24192
117 24192
118 23328
119 23328
120 24192
121 27648
122 27648
123 26784
124 26784
125 25920
126 25920
127 24192
128 24192
129 24192
130 24192
131 24192
132 24192
133 24192
134 24192
135 24192
136 24192
137 28512
138 38880
139 852768
140 7863264
141 297216
142 31968
143 29376
144 26784
145 26784
146 7362144
147 34013088
148 1481760
149 40608
150 38016
151 36288
152 35424
153 33696
154 32832
155 32832
156 35424
157 38016
158 37152
159 37152
160 34560
161 32832
162 32832
163 32832
164 32832
165 1533600
166 3646080
167 2871936
168 9098784
169 29552256
170 38070432
171 24604992
172 14884128
173 25259904
174 59163264
175 28809216
176 26401248
177 14674176
178 10239264
179 8104320
180 6696000
181 5526144
182 4663872
183 4074624
184 3489696
185 3037824
186 2780352
187 2608416
188 2759616
189 2445120
190 2181600
191 1970784
192 1856736
193 1760832
194 1691712
195 1588896
196 1487808
197 1404000
198 1378080
199 1350432
200 1315008
201 1242432
202 1270080
203 1166400
204 1124928
205 1094688
206 1048032
207 979776
208 937440
209 878688
210 840672
211 805248
212 763776
213 724032
214 706752
215 678240
216 649728
217 628128
218 625536
219 633312
220 628992
221 602208
222 577152
223 556416
224 534816
225 575424
226 717984
227 653184
228 735264
229 930528
230 702432
231 596160
232 543456
233 511488
234 490752
235 477792
236 482112
237 467424
238 457920
239 477792
240 496800
241 463968
242 462240
243 487296
244 469152
245 459648
246 590112
247 658368
248 533952
249 481248
250 434592
251 406080
252 384480
253 377568
254 368928
255 348192
256 332640
257 313632
258 304128
259 296352
260 288576
261 274752
262 258336
263 243648
264 231552
265 223776
266 220320
267 214272
268 207360
269 189216
270 238464
271 228096
272 241920
273 226368
274 211680
275 198720
276 190080
277 189216
278 164160
279 163296
280 161568
281 156384
282 153792
283 149472
284 146880
285 140832
286 132192
287 129600
288 129600
289 127872
290 120960
291 116640
292 109728
293 101088
294 95904
295 95904
296 95040
297 95040
298 94176
299 90720
300 82944
301 81216
302 80352
303 80352
304 78624
305 76896
306 73440
307 71712
308 70848
309 68256
310 66528
311 62208
312 56160
313 51840
314 50976
315 48384
316 43200
317 37152
318 34560
319 33696
320 31104
321 29376
322 30240
323 33696
324 33696
325 32832
326 27648
327 24192
328 24192
329 24192
330 22464
331 19872
332 18144
333 19008
334 21600
335 21600
336 18144
337 16416
338 16416
339 17280
340 16416
341 13824
342 12960
343 12960
344 13824
345 13824
346 14688
347 14688
348 14688
349 14688
350 14688
351 14688
352 13824
353 12096
354 12096
355 12096
356 11232
357 11232
358 11232
359 11232
360 12096
361 12096
362 11232
363 10368
364 10368
365 11232
366 11232
367 12096
368 16416
369 38016
370 27648
371 20736
372 17280
373 15552
374 15552
375 18144
376 16416
377 15552
378 14688
379 13824
380 14688
381 13824
382 12960
383 12096
384 12960
385 12960
386 12960
387 12096
388 12096
389 12096
390 12096
391 12096
392 12096
393 12096
394 12096
395 12096
396 12096
397 12096
398 12960
399 14688
400 19872
401 25920
402 20736
403 19008
404 19008
405 18144
406 17280
407 19008
408 20736
409 20736
410 20736
411 20736
412 21600
413 23328
414 25920
415 29376
416 29376
417 29376
418 28512
419 29376
420 29376
421 30240
422 30240
423 29376
424 29376
425 31104
426 30240
427 29376
428 29376
429 29376
430 20736
431 17280
432 17280
433 17280
434 17280
435 17280
436 17280
437 17280
438 17280
439 17280
440 17280
441 17280
442 17280
443 17280
444 17280
445 17280
446 17280
447 17280
448 17280
449 17280
450 17280
451 17280
452 17280
453 17280
454 17280
455 17280
456 17280
457 17280
458 17280
459 17280
460 17280
461 17280
462 17280
463 17280
464 17280
465 17280
466 17280
467 18144
468 17280
469 17280
470 17280
471 17280
472 17280
473 17280
474 17280
475 17280
476 32832
477 24192
478 23328
479 28512
480 25920
481 24192
482 24192
483 24192
484 24192
485 24192
486 25056
487 25056
488 25056
489 25920
490 25920
491 25056
492 25920
493 26784
494 26784
495 32832
496 39744
497 43200
498 44928
499 51840
500 74304
501 392256
502 255744
503 193536
504 146016
505 126144
506 112320
507 102816
508 95040
509 95040
510 89856
511 84672
512 82944
513 80352
514 78624
515 126144
516 114048
517 112320
518 107136
519 99360
520 95904
521 95040
522 93312
523 88128
524 88128
525 86400
526 83808
527 84672
528 83808
529 85536
530 88992
531 88992
532 641088
533 52704
534 44928
535 40608
536 1132704
537 742176
538 545184
539 431136
540 487296
541 1412640
542 1187136
543 960768
544 1169856
545 1036800
546 1011744
547 4604256
548 5263488
549 2423520
550 1601856
551 1210464
552 902880
553 731808
554 628128
555 544320
556 476064
557 489888
558 596160
559 4084128
560 7647264
561 3766176
562 2169504
563 1532736
564 1193184
565 939168
566 798336
567 692064
568 623808
569 572832
570 532224
571 502848
572 527040
573 737856
574 597888
575 496800
576 435456
577 391392
578 364608
579 347328
580 336096
581 330048
582 308448
583 292032
584 273888
585 254016
586 241056
587 228096
588 210816
589 199584
590 194400
591 188352
592 182304
593 176256
594 171936
595 165024
596 158112
597 152928
598 149472
599 146016
600 144288
601 142560
602 142560
603 139104
604 133920
605 131328
606 125280
607 119232
608 114912
609 110592
610 108864
611 103680
612 128736
613 114912
614 108000
615 103680
616 98496
617 93312
618 85536
619 82080
620 80352
621 81216
622 78624
623 74304
624 67392
625 63072
626 60480
627 59616
628 52704
629 54432
630 57888
631 58752
632 55296
633 52704
634 49248
635 43200
636 38880
637 39744
638 38016
639 38880
640 37152
641 31104
642 26784
643 25920
644 25056
645 19872
646 17280
647 16416
648 13824
649 12096
650 11232
651 11232
652 12096
653 12096
654 12096
655 12960
656 12960
657 12960
658 12096
659 11232
660 10368
661 9504
662 9504
663 9504
664 10368
665 10368
666 10368
667 9504
668 9504
669 8640
670 7776
671 6912
672 6912
673 7776
674 7776
675 7776
676 6912
677 6912
678 6048
679 6048
680 6048
681 6048
682 6048
683 6048
684 6048
685 6048
686 6048
687 6048
688 6048
689 6048
690 6048
691 6048
692 6048
693 5184
694 5184
695 6048
696 5184
697 5184
698 5184
699 5184
700 5184
701 5184
702 5184
703 5184
704 5184
705 4320
706 5184
707 5184
708 4320
709 4320
710 4320
711 4320
712 4320
713 4320
714 4320
715 4320
716 4320
717 4320
718 4320
719 4320
720 4320
721 4320
722 4320
723 4320
724 3456
725 3456
726 3456
727 3456
728 3456
729 3456
730 3456
731 3456
732 3456
733 3456
734 3456
735 3456
736 3456
737 3456
738 3456
739 3456
740 3456
741 4320
742 4320
743 4320
744 4320
745 4320
746 4320
747 4320
748 4320
749 4320
750 3456
751 4320
752 4320
753 4320
754 5184
755 5184
756 5184
757 4320
758 5184
759 5184
760 5184
761 5184
762 5184
763 5184
764 5184
765 5184
766 5184
767 5184
768 5184
769 5184
770 6048
771 6048
772 6048
773 6048
774 5184
775 5184
776 6048
777 6048
778 8640
779 9504
780 8640
781 6912
782 8640
783 8640
784 7776
785 7776
786 7776
787 7776
788 7776
789 8640
790 13824
791 2171232
792 2424384
793 26822880
794 2155680
795 944352
796 1385856
797 1253664
798 704160
799 488160
800 368928
801 320544
802 291168
803 304992
804 340416
805 298080
806 284256
807 285120
808 1331424
809 1204416
810 716256
811 553824
812 495072
813 10518336
814 62158752
815 13429152
816 10933920
817 13044672
818 5494176
819 3357504
820 2519424
821 1834272
822 1436832
823 1199232
824 1034208
825 889920
826 802656
827 764640
828 940032
829 857952
830 731808
831 682560
832 726624
833 641952
834 590976
835 551232
836 513216
837 491616
838 478656
839 466560
840 456192
841 438912
842 424224
843 409536
844 385344
845 374112
846 406944
847 429408
848 495936
849 435456
850 383616
851 370656
852 353376
853 339552
854 328320
855 324000
856 324000
857 321408
858 317952
859 291168
860 292032
861 287712
862 279072
863 277344
864 269568
865 266112
866 260928
867 242784
868 241920
869 241920
870 240192
871 236736
872 267840
873 285984
874 272160
875 256608
876 247104
877 241920
878 235872
879 229824
880 216864
881 216000
882 216000
883 216000
884 212544
885 209088
886 213408
887 211680
888 230688
889 260064
890 260928
891 244512
892 236736
893 229824
894 216864
895 212544
896 204768
897 198720
898 192672
899 183168
900 189216
901 184896
902 181440
903 174528
904 173664
905 172800
906 173664
907 172800
908 171072
909 166752
910 166752
911 165888
912 166752
913 164160
914 161568
915 160704
916 165024
917 158976
918 153792
919 155520
920 150336
921 146016
922 145152
923 147744
924 137376
925 133056
926 133920
927 132192
928 127872
929 123552
930 114048
931 109728
932 108000
933 105408
934 102816
935 96768
936 98496
937 99360
938 98496
939 95040
940 88128
941 82080
942 80352
943 73440
944 71712
945 70848
946 69984
947 70848
948 73440
949 69120
950 65664
951 64800
952 63936
953 57024
954 53568
955 52704
956 52704
957 50112
958 51840
959 50976
960 49248
961 45792
962 41472
963 43200
964 44064
965 44064
966 42336
967 43200
968 43200
969 41472
970 39744
971 39744
972 35424
973 31968
974 30240
975 25920
976 24192
977 24192
978 24192
979 22464
980 22464
981 22464
982 21600
983 20736
984 21600
985 20736
986 19008
987 19008
988 19008
989 18144
990 17280
991 18144
992 18144
993 17280
994 17280
995 16416
996 16416
997 16416
998 16416
999 15552
1000  14688
1001  12960
1002  12096
1003  11232
1004  11232
1005  11232
1006  11232
1007  10368
1008  8640
1009  8640
1010  8640
1011  7776
1012  7776
1013  6912
1014  6048
1015  6048
1016  5184
1017  5184
1018  4320
1019  3456
1020  5184
1021  5184
1022  5184
1023  4320
1024  3456
1025  2592
1026  1728
1027  864
1028  864
1029  864
1030  864
1031  0.1
1032  0.1
1033  0.1
1034  0.1
1035  0.1
1036  0.1
1037  0.1
1038  0.1
1039  0.1
1040  0.1
1041  0.1
1042  0.1
1043  0.1
1044  0.1
1045  0.1
1046  0.1
1047  0.1
1048  0.1
1049  0.1
1050  0.1
1051  0.1
1052  0.1
1053  0.1
1054  0.1
1055  0.1
1056  0.1
1057  0.1
1058  0.1
1059  0.1
1060  0.1
1061  0.1
1062  0.1
1063  0.1
1064  0.1
1065  0.1
1066  0.1
1067  0.1
1068  0.1
1069  0.1
1070  0.1
1071  0.1
1072  0.1
1073  0.1
1074  0.1
1075  0.1
1076  0.1
1077  0.1
1078  0.1
1079  0.1
1080  0.1
1081  0.1
1082  0.1
1083  0.1
1084  0.1
1085  0.1
1086  864
1087  0.1
1088  0.1
1089  864
1090  864
1091  864
1092  864
1093  864
1094  864
1095  864
1096  864
1097  0.1
1098  0.1
1099  0.1
1100  0.1
1101  0.1
1102  864
1103  864
1104  864
1105  864
1106  1728
1107  1728
1108  1728
1109  1728
1110  1728
1111  1728
1112  1728
1113  1728
1114  1728
1115  864
1116  1728
1117  1728
1118  1728
1119  1728
1120  1728
1121  1728
1122  2592
1123  2592
1124  2592
1125  2592
1126  2592
1127  2592
1128  2592
1129  2592
1130  2592
1131  2592
1132  2592
1133  2592
1134  2592
1135  2592
1136  2592
1137  2592
1138  2592
1139  3456
1140  3456
1141  3456
1142  3456
1143  4320
1144  4320
1145  5184
1146  11232
1147  11232
1148  7776
1149  5184
1150  4320
1151  4320
1152  4320
1153  4320
1154  4320
1155  4320
1156  4320
1157  4320
1158  4320
1159  4320
1160  4320
1161  4320
1162  9504
1163  10368
1164  11232
1165  7776
1166  6912
1167  6048
1168  6048
1169  6048
1170  6048
1171  6912
1172  6912
1173  6048
1174  6048
1175  6048
1176  6048
1177  6048
1178  6048
1179  6048
1180  6048
1181  6912
1182  6912
1183  6912
1184  7776
1185  7776
1186  7776
1187  8640
1188  8640
1189  9504
1190  8640
1191  9504
1192  9504
1193  8640
1194  9504
1195  9504
1196  9504
1197  8640
1198  12096
1199  12096
1200  11232
1201  10368
1202  11232
1203  12096
1204  12096
1205  12096
1206  12960
1207  12096
1208  11232
1209  11232
1210  11232
1211  11232
1212  11232
1213  11232
1214  11232
1215  11232
1216  12096
1217  13824
1218  12096
1219  10368
1220  12096
1221  12096
1222  11232
1223  13824
1224  19008
1225  19008
1226  20736
1227  25920
1228  28512
1229  19872
1230  16416
1231  15552
1232  15552
1233  14688
1234  14688
1235  14688
1236  16416
1237  19008
1238  19008
1239  19008
1240  21600
1241  23328
1242  23328
1243  24192
1244  25056
1245  41472
1246  4957632
1247  4960224
1248  1085184
1249  440640
1250  356832
1251  278208
1252  236736
1253  216000
1254  171936
1255  152064
1256  135648
1257  128736
1258  122688
1259  116640
1260  112320
1261  107136
1262  104544
1263  103680
1264  103680
1265  102816
1266  100224
1267  98496
1268  95904
1269  95904
1270  91584
1271  90720
1272  107136
1273  89856
1274  86400
1275  106272
1276  99360
1277  114048
1278  210816
1279  719712
1280  328320
1281  224640
1282  177984
1283  162432
1284  147744
1285  133056
1286  124416
1287  118368
1288  116640
1289  113184
1290  107136
1291  104544
1292  103680
1293  101088
1294  100224
1295  98496
1296  91584
1297  84672
1298  82944
1299  82944
1300  76896
1301  77760
1302  96768
1303  77760
1304  71712
1305  69120
1306  66528
1307  62208
1308  59616
1309  57024
1310  55296
1311  55296
1312  56160
1313  52704
1314  50976
1315  50976
1316  50112
1317  47520
1318  44928
1319  42336
1320  38880
1321  37152
1322  38880
1323  37152
1324  37152
1325  37152
1326  38880
1327  37152
1328  36288
1329  33696
1330  31104
1331  30240
1332  27648
1333  26784
1334  25920
1335  23328
1336  24192
1337  22464
1338  20736
1339  21600
1340  19008
1341  19008
1342  18144
1343  16416
1344  14688
1345  13824
1346  12960
1347  12096
1348  11232
1349  11232
1350  11232
1351  11232
1352  10368
1353  10368
1354  10368
1355  10368
1356  10368
1357  9504
1358  9504
1359  8640
1360  8640
1361  9504
1362  8640
1363  6912
1364  7776
1365  7776
1366  6912
1367  6048
1368  5184
1369  5184
1370  5184
1371  5184
1372  4320
1373  4320
1374  2592
1375  2592
1376  1728
1377  1728
1378  1728
1379  864
1380  864
1381  864
1382  0.1
1383  864
1384  864
1385  0.1
1386  0.1
1387  0.1
1388  0.1
1389  0.1
1390  0.1
1391  0.1
1392  0.1
1393  0.1
1394  0.1
1395  0.1
1396  0.1
1397  0.1
1398  0.1
1399  0.1
1400  0.1
1401  0.1
1402  0.1
1403  0.1
1404  0.1
1405  0.1
1406  0.1
1407  0.1
1408  0.1
1409  0.1
1410  0.1
1411  0.1
1412  0.1
1413  0.1
1414  0.1
1415  0.1
1416  0.1
1417  0.1
1418  0.1
1419  0.1
1420  0.1
1421  0.1
1422  0.1
1423  0.1
1424  0.1
1425  0.1
1426  0.1
1427  0.1
1428  0.1
1429  0.1
1430  0.1
1431  0.1
1432  0.1
1433  0.1
1434  0.1
1435  0.1
1436  0.1
1437  0.1
1438  0.1
1439  0.1
1440  0.1
1441  0.1
1442  0.1
1443  0.1
1444  0.1
1445  0.1
1446  0.1
1447  0.1
1448  0.1
1449  0.1
1450  0.1
1451  0.1
1452  0.1
1453  0.1
1454  0.1
1455  0.1
1456  0.1
1457  0.1
1458  0.1
1459  0.1
1460  0.1
