884 0 5
886.1333333 98.28597864 212.7603255
886.2666667 139.7783455 251.9143904
886.4 181.2707123 291.0684552
886.5333333 222.7630792 330.2225201
886.6666667 264.2554461 369.3765849
886.8 305.7478129 408.5306497
886.9333333 347.2401798 447.6847146
887.0666667 408.9832208 491.2878268
887.2 490.9769359 539.3399863
887.3333333 572.9706511 587.3921458
887.4666667 654.9643663 635.4443054
887.6 736.9580814 683.4964649
887.7333333 818.9517966 731.5486244
887.8666667 900.9455117 779.600784
888 982.9392269 827.6529435
888.1333333 1118.193153 890.1330374
888.2666667 1253.447079 952.6131314
888.4 1388.701005 1015.093225
888.5333333 1523.95493 1077.573319
888.6666667 1659.208856 1140.053413
888.8 1794.462782 1202.533507
888.9333333 1929.716708 1265.013601
889.0666667 2096.904379 1331.709343
889.2 2296.025795 1402.620732
889.3333333 2495.147211 1473.532122
889.4666667 2694.268627 1544.443512
889.6 2893.390044 1615.354901
889.7333333 3092.51146 1686.266291
889.8666667 3291.632876 1757.17768
890 3490.754292 1828.08907
890.1333333 3766.142282 1914.201225
890.2666667 4041.530272 2000.313379
890.4 4316.918262 2086.425534
890.5333333 4592.306251 2172.537689
890.6666667 4867.694241 2258.649843
890.8 5143.082231 2344.761998
890.9333333 5418.470221 2430.874153
891.0666667 5739.232918 2524.486224
891.2 6105.370323 2625.598211
891.3333333 6471.507727 2726.710198
891.4666667 6837.645131 2827.822185
891.6 7203.782536 2928.934172
891.7333333 7569.91994 3030.046159
891.8666667 7936.057345 3131.158146
892 8302.194749 3232.270133
892.1333333 8839.988149 3473.005721
892.2666667 9377.781549 3713.741309
892.4 9915.574949 3954.476897
892.5333333 10453.36835 4195.212485
892.6666667 10991.16175 4435.948073
892.8 11528.95515 4676.683661
892.9333333 12066.74855 4917.419249
893.0666667 12709.81621 5141.249523
893.2 13458.15813 5348.174484
893.3333333 14206.50005 5555.099444
893.4666667 14954.84197 5762.024405
893.6 15703.18388 5968.949365
893.7333333 16451.5258 6175.874326
893.8666667 17199.86772 6382.799286
894 17948.20964 6589.724247
894.1333333 18904.03634 6809.138879
894.2666667 19859.86304 7028.553512
894.4 20815.68974 7247.968144
894.5333333 21771.51645 7467.382776
894.6666667 22727.34315 7686.797408
894.8 23683.16985 7906.212041
894.9333333 24638.99655 8125.626673
895.0666667 25686.37809 8322.39348
895.2 26825.31446 8496.512461
895.3333333 27964.25083 8670.631443
895.4666667 29103.1872 8844.750425
895.6 30242.12357 9018.869406
895.7333333 31381.05994 9192.988388
895.8666667 32519.99631 9367.107369
896 33658.93268 9541.226351
896.1333333 34974.62393 9759.883119
896.2666667 36290.31519 9978.539887
896.4 37606.00644 10197.19665
896.5333333 38921.69769 10415.85342
896.6666667 40237.38895 10634.51019
896.8 41553.0802 10853.16696
896.9333333 42868.77145 11071.82373
897.0666667 44289.57796 11286.93323
897.2 45815.49971 11498.49546
897.3333333 47341.42146 11710.05769
897.4666667 48867.34322 11921.61992
897.6 50393.26497 12133.18215
897.7333333 51919.18672 12344.74439
897.8666667 53445.10848 12556.30662
898 54971.03023 12767.86885
898.1333333 56771.20403 12962.27286
898.2666667 58571.37782 13156.67687
898.4 60371.55162 13351.08088
898.5333333 62171.72541 13545.48489
898.6666667 63971.89921 13739.8889
898.8 65772.07301 13934.29291
898.9333333 67572.2468 14128.69692
899.0666667 69372.4206 14330.06774
899.2 71172.59439 14538.40536
899.3333333 72972.76819 14746.74297
899.4666667 74772.94199 14955.08059
899.6 76573.11578 15163.41821
899.7333333 78373.28958 15371.75583
899.8666667 80173.46337 15580.09344
900 81973.63717 15788.43106
900.1333333 84069.1839 16084.67774
900.2666667 86164.73063 16380.92441
900.4 88260.27737 16677.17109
900.5333333 90355.8241 16973.41777
900.6666667 92451.37083 17269.66445
900.8 94546.91756 17565.91112
900.9333333 96642.46429 17862.1578
901.0666667 99020.12103 18356.70815
901.2 101679.8878 19049.56217
901.3333333 104339.6545 19742.4162
901.4666667 106999.4212 20435.27022
901.6 109659.188 21128.12424
901.7333333 112318.9547 21820.97826
901.8666667 114978.7215 22513.83229
902 117638.4882 23206.68631
902.1333333 120755.6016 23600.80558
902.2666667 123872.7151 23994.92484
902.4 126989.8285 24389.04411
902.5333333 130106.9419 24783.16337
902.6666667 133224.0553 25177.28264
902.8 136341.1688 25571.4019
902.9333333 139458.2822 25965.52117
903.0666667 142874.9173 26590.55368
903.2 146591.074 27446.49945
903.3333333 150307.2307 28302.44522
903.4666667 154023.3875 29158.39099
903.6 157739.5442 30014.33676
903.7333333 161455.7009 30870.28253
903.8666667 165171.8577 31726.2283
904 168888.0144 32582.17407
904.1333333 173327.8365 33078.0642
904.2666667 177767.6586 33573.95434
904.4 182207.4807 34069.84447
904.5333333 186647.3028 34565.73461
904.6666667 191087.1249 35061.62474
904.8 195526.947 35557.51488
904.9333333 199966.7691 36053.40501
905.0666667 204605.6768 36418.04545
905.2 209443.6702 36651.43618
905.3333333 214281.6636 36884.82691
905.4666667 219119.657 37118.21764
905.6 223957.6504 37351.60837
905.7333333 228795.6438 37584.9991
905.8666667 233633.6372 37818.38983
906 238471.6306 38051.78056
