  pp_1_L_2    6158697.2     2039129.3    3               2.3243580E+02
  pp_2_L_2    6159900.9     2038560.6    3               2.8346500E+02
  pp_3_L_2    6160215.2     2038264.6    3               1.1244670E+02
  pp_4_L_2    6160382.6     2037825.2    3               2.1579780E+02
  pp_5_L_2    6162414.5     2036083.7    3               2.8346500E+02
  pp_6_L_2    6163902.2     2034507.3    3               2.0076820E+02
  pp_7_L_2    6163905.4     2033002.9    3               5.6693000E+03
  pp_8_L_2    6164494.8     2031307.1    3               7.6107430E+01
  pp_9_L_2    6165281.2     2029960.3    3               6.6406000E+00
 pp_10_L_2    6165851.3     2029296.5    3               2.4690870E+01
 pp_11_L_2    6166130.3     2026561.3    3               2.6150740E+00
 pp_12_L_2    6166490.9     2025503.1    3               6.5241450E+01
 pp_13_L_2    6167303.4     2024093.3    3               6.1555360E+01
 pp_14_L_2    6157779.2     2039075.9    3               2.8346500E+02
 pp_15_L_2    6156675.1     2037623.1    0               2.0000000E+02
 pp_16_L_2    6159522.5     2038000.9    3               1.1820880E+02
 pp_17_L_2    6159734.1     2039640.9    3               3.3481430E+01
 pp_18_L_2    6163010.0     2040943.8    0               2.0000000E+02
 pp_19_L_2    6161162.0     2036924.4    3               2.8346500E+02
 pp_20_L_2    6160761.5     2038300.0    3               2.8346500E+02
 pp_21_L_2    6162694.4     2036732.8    3               2.7758160E+03
 pp_22_L_2    6163056.9     2038210.1    3               2.0073850E+02
 pp_23_L_2    6165498.0     2037446.8    3               1.1946960E+02
 pp_24_L_2    6164389.2     2035638.9    3               5.6693000E+03
 pp_25_L_2    6163613.5     2035192.4    3               5.6693000E+03
 pp_26_L_2    6164769.3     2034937.4    3               2.8108990E+02
 pp_27_L_2    6168852.6     2040074.8    0               2.0000000E+02
 pp_28_L_2    6164798.8     2038631.2    3               1.1204050E+02
 pp_29_L_2    6166576.6     2036738.0    0               2.0000000E+02
 pp_30_L_2    6166988.0     2033154.8    3               2.6571200E+02
 pp_31_L_2    6167892.4     2035293.4    3               2.5100990E+02
 pp_32_L_2    6166982.2     2031289.1    3               2.9433810E+01
 pp_33_L_2    6169151.1     2032435.3    0               2.0000000E+02
 pp_34_L_2    6161551.9     2035655.7    3               1.4134410E+01
 pp_35_L_2    6163049.8     2034763.0    3               2.5541740E+02
 pp_36_L_2    6162937.5     2033601.9    3               3.9268370E+01
 pp_37_L_2    6163226.1     2032276.6    3               2.3641550E+00
 pp_38_L_2    6157641.3     2026712.0    0               2.0000000E+02
 pp_39_L_2    6161922.5     2027532.1    0               2.0000000E+02
 pp_40_L_2    6165254.0     2028696.9    3               2.8346500E+02
 pp_41_L_2    6160783.3     2030656.3    0               2.0000000E+02
 pp_42_L_2    6166805.8     2028961.4    3               1.0301080E+03
 pp_43_L_2    6169539.1     2030248.7    0               2.0000000E+02
 pp_44_L_2    6167634.6     2026915.9    3               4.5789070E+01
 pp_45_L_2    6165024.8     2026616.1    0               2.0000000E+02
 pp_46_L_2    6164866.0     2024935.9    0               1.7801090E+02
 pp_47_L_2    6168196.3     2023515.4    3               2.8346500E+02
 pp_48_L_2    6173038.7     2026528.0    0               2.0000000E+02
 pp_49_L_2    6169506.4     2021232.1    3               2.8346500E+02
 pp_50_L_2    6164234.9     2019734.3    0               2.0000000E+02
 pp_51_L_2    6166324.8     2023103.6    0               2.0000000E+02
 pp_52_L_2    6169019.8     2019323.1    3               1.5487190E+01
 pp_53_L_2    6171415.3     2018200.2    0               2.0000000E+02
 pp_54_L_2    6170142.7     2015954.4    0               2.0000000E+02
 pp_55_L_2    6165826.9     2013542.7    0               2.0000000E+02
 pp_56_L_2    6172876.9     2013124.4    3               9.2808170E+01
 pp_57_L_2    6180328.7     2002016.9    0               2.0000000E+02
 pp_58_L_2    6174267.7     2000586.8    0               2.0000000E+02
 pp_59_L_2    6179256.5     2007675.4    3               2.7294280E+03
 pp_60_L_2    6184210.5     1996024.0    0               2.0000000E+02
 pp_61_L_2    6173503.4     1995500.2    0               2.0000000E+02
 pp_62_L_2    6178013.3     1986285.6    0               2.0000000E+02
 pp_63_L_2    6192382.6     1996092.1    0               2.0000000E+02
 pp_64_L_2    6191020.6     1989622.5    0               2.0000000E+02
 pp_65_L_2    6185844.9     2001472.1    2               2.0000000E+02
 pp_66_L_2    6186321.6     2006715.9    0               2.0000000E+02
 pp_67_L_2    6192900.3     2005900.3    3               2.0000000E+02
 pp_68_L_2    6189689.2     2007279.3    3               8.9985450E+02
 pp_69_L_2    6178285.7     2010529.6    2               6.7976120E+01
 pp_70_L_2    6168955.8     2007192.6    2               1.0053840E+03
 pp_71_L_2    6170204.9     2011992.6    0               2.0000000E+02
 pp_72_L_2    6176583.1     2016931.1    0               2.0000000E+02
 pp_73_L_2    6185232.0     2022106.8    0               2.0000000E+02
 pp_74_L_2    6176100.7     2031453.1    0               2.0000000E+02
 pp_75_L_2    6178479.9     2026237.0    0               2.0000000E+02
 pp_76_L_2    6173080.9     2037309.7    0               2.0000000E+02
 pp_77_L_2    6182493.7     2042885.5    3               2.0000000E+02
 pp_78_L_2    6167590.3     2049205.9    0               2.0000000E+02
 pp_79_L_2    6194311.0     2021478.5    0               2.0000000E+02
 pp_80_L_2    6199252.5     2027518.2    2               2.0000000E+02
 pp_81_L_2    6212246.9     2021844.6    2               2.0000000E+02
 pp_82_L_2    6205292.2     2010588.9    0               2.0000000E+02
 pp_83_L_2    6206481.8     2005189.9    2               2.0000000E+02
 pp_84_L_2    6216181.8     1998784.2    0               2.0000000E+02
 pp_85_L_2    6204377.1     1994391.8    0               2.0000000E+02
 pp_86_L_2    6219688.7     1988155.5    0               2.0000000E+02
 pp_87_L_2    6230289.1     1980695.1    3               2.0000000E+02
 pp_88_L_2    6228718.5     1949186.2    0               2.0000000E+02
 pp_89_L_2    6215541.2     1969958.8    0               2.0000000E+02
 pp_90_L_2    6204794.8     1984695.9    3               2.0000000E+02
 pp_91_L_2    6244458.2     1926857.9    0               2.0000000E+02
 pp_92_L_2    6236487.1     1940328.5    2               2.0000000E+02
 pp_93_L_2    6258930.3     1941450.6    3               2.0000000E+02
 pp_94_L_2    6239106.4     1959293.6    2               2.0000000E+02
 pp_95_L_2    6155533.9     2045121.9    0               2.0000000E+02
 pp_96_L_2    6150671.7     2037564.1    0               2.0000000E+02
 pp_97_L_2    6144941.0     2049449.2    3               1.8493770E+02
 pp_98_L_2    6142915.4     2065288.0    3               2.8346500E+02
 pp_99_L_2    6138677.2     2040253.9    0               2.0000000E+02
pp_100_L_2    6160027.2     2033926.3    3               5.0000000E+00
