  pp_1_vks     6158697.2     2039129.3       4             1.9999000E+04
  pp_2_vks     6159900.9     2038560.6       4             2.3014720E+03
  pp_3_vks     6160215.2     2038264.6       4             1.9999000E+04
  pp_4_vks     6160382.6     2037825.2       4             1.0882000E+04
  pp_5_vks     6162414.5     2036083.7       4             1.0764220E+02
  pp_6_vks     6163902.2     2034507.3       4             4.3518020E+00
  pp_7_vks     6163905.4     2033002.9       4             8.5156470E+01
  pp_8_vks     6164494.8     2031307.1       4             1.0239860E+02
  pp_9_vks     6165281.2     2029960.3       4             1.7843770E+00
 pp_10_vks     6165851.3     2029296.5       4             2.1553910E+01
 pp_11_vks     6166130.3     2026561.3       4             1.4518650E+01
 pp_12_vks     6166490.9     2025503.1       3             1.7622780E+02
 pp_13_vks     6167303.4     2024093.3       4             6.2337160E+01
 pp_14_vks     6157779.2     2039075.9       3             6.9013600E+02
 pp_15_vks     6156675.1     2037623.1       1             1.4262720E+02
 pp_16_vks     6159522.5     2038000.9       3             5.4165800E+02
 pp_17_vks     6159734.1     2039640.9       4             2.9626610E+04
 pp_18_vks     6163010.0     2040943.8       1             7.4108030E+02
 pp_19_vks     6161162.0     2036924.4       3             4.7194934E-02
 pp_20_vks     6160761.5     2038300.0       3             2.1841280E+04
 pp_21_vks     6162694.4     2036732.8       3             3.0320120E+03
 pp_22_vks     6163056.9     2038210.1       3             1.4606650E+00
 pp_23_vks     6165498.0     2037446.8       3             3.2370940E+03
 pp_24_vks     6164389.2     2035638.9       3             2.6230420E+02
 pp_25_vks     6163613.5     2035192.4       4             1.5045230E+02
 pp_26_vks     6164769.3     2034937.4       4             5.0485250E+00
 pp_27_vks     6168852.6     2040074.8       1             6.4313080E+02
 pp_28_vks     6164798.8     2038631.2       3             1.0823980E+01
 pp_29_vks     6166576.6     2036738.0       1             9.9412290E-01
 pp_30_vks     6166988.0     2033154.8       3             1.7580370E+02
 pp_31_vks     6167892.4     2035293.4       4             2.9119330E-04
 pp_32_vks     6166982.2     2031289.1       3             9.9481820E+00
 pp_33_vks     6169151.1     2032435.3       1             2.0000000E-03
 pp_34_vks     6161551.9     2035655.7       4             1.4300000E-06
 pp_35_vks     6163049.8     2034763.0       4             3.5961760E+00
 pp_36_vks     6162937.5     2033601.9       4             3.6792300E+02
 pp_37_vks     6163226.1     2032276.6       4             1.4389090E+01
 pp_38_vks     6157641.3     2026712.0       1             2.4197270E+03
 pp_39_vks     6161922.5     2027532.1       1             1.0210650E+02
 pp_40_vks     6165254.0     2028696.9       4             3.8121850E+01
 pp_41_vks     6160783.3     2030656.3       1             2.1570660E-01
 pp_42_vks     6166805.8     2028961.4       3             4.4701460E+01
 pp_43_vks     6169539.1     2030248.7       1             1.8713500E+02
 pp_44_vks     6167634.6     2026915.9       3             3.4515910E+01
 pp_45_vks     6165024.8     2026616.1       1             1.1811820E+03
 pp_46_vks     6164866.0     2024935.9       1             4.8332150E+05
 pp_47_vks     6168196.3     2023515.4       3             2.3002970E+00
 pp_48_vks     6173038.7     2026528.0       1             1.4000000E-02
 pp_49_vks     6169506.4     2021232.1       3             9.9167060E-01
 pp_50_vks     6164234.9     2019734.3       1             1.0167280E+01
 pp_51_vks     6166324.8     2023103.6       1             8.9602350E+03
 pp_52_vks     6169019.8     2019323.1       3             5.6692000E+03
 pp_53_vks     6171415.3     2018200.2       1             3.9099010E+00
 pp_54_vks     6170142.7     2015954.4       1             6.1622370E+01
 pp_55_vks     6165826.9     2013542.7       1             4.4964360E+03
 pp_56_vks     6172876.9     2013124.4       3             1.0426210E+02
 pp_57_vks     6180328.7     2002016.9       1             1.0000000E-02
 pp_58_vks     6174267.7     2000586.8       1             1.0000000E-02
 pp_59_vks     6179256.5     2007675.4       1             1.0844150E+02
 pp_60_vks     6184210.5     1996024.0       1             1.0000000E-02
 pp_61_vks     6173503.4     1995500.2       1             1.0000000E-02
 pp_62_vks     6178013.3     1986285.6       1             1.0000000E-02
 pp_63_vks     6192382.6     1996092.1       1             2.1200000E-03
 pp_64_vks     6191020.6     1989622.5       1             1.7900000E-01
 pp_65_vks     6185844.9     2001472.1       2             1.0000000E-01
 pp_66_vks     6186321.6     2006715.9       1             3.2500510E+03
 pp_67_vks     6192900.3     2005900.3       1             1.0200000E-02
 pp_68_vks     6189689.2     2007279.3       1             1.7718190E+02
 pp_69_vks     6178285.7     2010529.6       2             7.5074030E+02
 pp_70_vks     6168955.8     2007192.6       2             2.0876880E+03
 pp_71_vks     6170204.9     2011992.6       1             7.1024650E-01
 pp_72_vks     6176583.1     2016931.1       1             2.6210490E+04
 pp_73_vks     6185232.0     2022106.8       1             2.3800000E+00
 pp_74_vks     6176100.7     2031453.1       1             1.3700000E-02
 pp_75_vks     6178479.9     2026237.0       1             1.4300000E-02
 pp_76_vks     6173080.9     2037309.7       1             1.3700000E-01
 pp_77_vks     6182493.7     2042885.5       3             9.7000000E-04
 pp_78_vks     6167590.3     2049205.9       1             9.7883810E+04
 pp_79_vks     6194311.0     2021478.5       1             6.2400000E-02
 pp_80_vks     6199252.5     2027518.2       2             2.0000000E-01
 pp_81_vks     6212246.9     2021844.6       2             2.0000000E-01
 pp_82_vks     6205292.2     2010588.9       1             1.7800000E-01
 pp_83_vks     6206481.8     2005189.9       2             1.0000000E-01
 pp_84_vks     6216181.8     1998784.2       1             1.4100000E-02
 pp_85_vks     6204377.1     1994391.8       1             1.0700000E+01
 pp_86_vks     6219688.7     1988155.5       1             1.0000000E-02
 pp_87_vks     6230289.1     1980695.1       1             1.0000000E-02
 pp_88_vks     6228718.5     1949186.2       1             5.0000000E-02
 pp_89_vks     6215541.2     1969958.8       1             5.0000000E-02
 pp_90_vks     6204794.8     1984695.9       1             5.0000000E-02
 pp_91_vks     6244458.2     1926857.9       1             5.0000000E-02
 pp_92_vks     6236487.1     1940328.5       2             2.0000000E-01
 pp_93_vks     6258930.3     1941450.6       3             1.0000000E-02
 pp_94_vks     6239106.4     1959293.6       2             2.0000000E-01
 pp_95_vks     6155533.9     2045121.9       1             8.1450360E+01
 pp_96_vks     6150671.7     2037564.1       1             4.2242770E+02
 pp_97_vks     6144941.0     2049449.2       1             1.1633190E+01
 pp_98_vks     6142915.4     2065288.0       1             5.5594240E+03
 pp_99_vks     6138677.2     2040253.9       1             9.9608910E+02
pp_100_vks     6160027.2     2033926.3       3             2.3386190E+00
