  pp_1_L_4    6158697.2      2039129.3    5                  1.4173300E-07
  pp_2_L_4    6159900.9      2038560.6    5                  1.4173300E-07
  pp_3_L_4    6160215.2      2038264.6    5                  1.4173300E-07
  pp_4_L_4    6160382.6      2037825.2    5                  1.4173300E-07
  pp_5_L_4    6162414.5      2036083.7    5                  1.4173300E-07
  pp_6_L_4    6163902.2      2034507.3    5                  1.4173300E-07
  pp_7_L_4    6163905.4      2033002.9    5                  1.4173300E-07
  pp_8_L_4    6164494.8      2031307.1    5                  1.4173300E-07
  pp_9_L_4    6165281.2      2029960.3    5                  1.4173300E-07
 pp_10_L_4    6165851.3      2029296.5    5                  1.4173300E-07
 pp_11_L_4    6166130.3      2026561.3    5                  1.4173300E-07
 pp_12_L_4    6166490.9      2025503.1    5                  1.4173300E-07
 pp_13_L_4    6167303.4      2024093.3    5                  1.4173300E-07
 pp_14_L_4    6157779.2      2039075.9    5                  1.4173300E-07
 pp_15_L_4    6156675.1      2037623.1    5                  1.4173300E-07
 pp_16_L_4    6159522.5      2038000.9    5                  1.4173300E-07
 pp_17_L_4    6159734.1      2039640.9    5                  1.4173300E-07
 pp_18_L_4    6163010.0      2040943.8    5                  1.4173300E-07
 pp_19_L_4    6161162.0      2036924.4    5                  1.4173300E-07
 pp_20_L_4    6160761.5      2038300.0    5                  1.4173300E-07
 pp_21_L_4    6162694.4      2036732.8    5                  1.4173300E-07
 pp_22_L_4    6163056.9      2038210.1    5                  1.4173300E-07
 pp_23_L_4    6165498.0      2037446.8    5                  1.4173300E-07
 pp_24_L_4    6164389.2      2035638.9    5                  1.4173300E-07
 pp_25_L_4    6163613.5      2035192.4    5                  1.4173300E-07
 pp_26_L_4    6164769.3      2034937.4    5                  1.4173300E-07
 pp_27_L_4    6168852.6      2040074.8    5                  1.4173300E-07
 pp_28_L_4    6164798.8      2038631.2    5                  1.4173300E-07
 pp_29_L_4    6166576.6      2036738.0    5                  1.4173300E-07
 pp_30_L_4    6166988.0      2033154.8    5                  1.4173300E-07
 pp_31_L_4    6167892.4      2035293.4    5                  1.4173300E-07
 pp_32_L_4    6166982.2      2031289.1    5                  1.4173300E-07
 pp_33_L_4    6169151.1      2032435.3    5                  1.4173300E-07
 pp_34_L_4    6161551.9      2035655.7    5                  1.4173300E-07
 pp_35_L_4    6163049.8      2034763.0    5                  1.4173300E-07
 pp_36_L_4    6162937.5      2033601.9    5                  1.4173300E-07
 pp_37_L_4    6163226.1      2032276.6    5                  1.4173300E-07
 pp_38_L_4    6157641.3      2026712.0    5                  1.4173300E-07
 pp_39_L_4    6161922.5      2027532.1    5                  1.4173300E-07
 pp_40_L_4    6165254.0      2028696.9    5                  1.4173300E-07
 pp_41_L_4    6160783.3      2030656.3    5                  1.4173300E-07
 pp_42_L_4    6166805.8      2028961.4    5                  1.4173300E-07
 pp_43_L_4    6169539.1      2030248.7    5                  1.4173300E-07
 pp_44_L_4    6167634.6      2026915.9    5                  1.4173300E-07
 pp_45_L_4    6165024.8      2026616.1    5                  1.4173300E-07
 pp_46_L_4    6164866.0      2024935.9    5                  1.4173300E-07
 pp_47_L_4    6168196.3      2023515.4    5                  1.4173300E-07
 pp_48_L_4    6173038.7      2026528.0    5                  1.4173300E-07
 pp_49_L_4    6169506.4      2021232.1    5                  1.4173300E-07
 pp_50_L_4    6164234.9      2019734.3    5                  1.4173300E-07
 pp_51_L_4    6166324.8      2023103.6    5                  1.4173300E-07
 pp_52_L_4    6169019.8      2019323.1    5                  1.4173300E-07
 pp_53_L_4    6171415.3      2018200.2    5                  1.4173300E-07
 pp_54_L_4    6170142.7      2015954.4    5                  1.4173300E-07
 pp_55_L_4    6165826.9      2013542.7    5                  1.4173300E-07
 pp_56_L_4    6172876.9      2013124.4    5                  1.4173300E-07
 pp_57_L_4    6180328.7      2002016.9    5                  1.4173300E-07
 pp_58_L_4    6174267.7      2000586.8    5                  1.4173300E-07
 pp_59_L_4    6179256.5      2007675.4    5                  1.4173300E-07
 pp_60_L_4    6184210.5      1996024.0    5                  1.4173300E-07
 pp_61_L_4    6173503.4      1995500.2    5                  1.4173300E-07
 pp_62_L_4    6178013.3      1986285.6    5                  1.4173300E-07
 pp_63_L_4    6192382.6      1996092.1    5                  1.4173300E-07
 pp_64_L_4    6191020.6      1989622.5    5                  1.4173300E-07
 pp_65_L_4    6185844.9      2001472.1    5                  1.4173300E-07
 pp_66_L_4    6186321.6      2006715.9    5                  1.4173300E-07
 pp_67_L_4    6192900.3      2005900.3    5                  1.4173300E-07
 pp_68_L_4    6189689.2      2007279.3    5                  1.4173300E-07
 pp_69_L_4    6178285.7      2010529.6    5                  1.4173300E-07
 pp_70_L_4    6168955.8      2007192.6    5                  1.4173300E-07
 pp_71_L_4    6170204.9      2011992.6    5                  1.4173300E-07
 pp_72_L_4    6176583.1      2016931.1    5                  1.4173300E-07
 pp_73_L_4    6185232.0      2022106.8    5                  1.4173300E-07
 pp_74_L_4    6176100.7      2031453.1    5                  1.4173300E-07
 pp_75_L_4    6178479.9      2026237.0    5                  1.4173300E-07
 pp_76_L_4    6173080.9      2037309.7    5                  1.4173300E-07
 pp_77_L_4    6182493.7      2042885.5    5                  1.4173300E-07
 pp_78_L_4    6167590.3      2049205.9    5                  1.4173300E-07
 pp_79_L_4    6194311.0      2021478.5    5                  1.4173300E-07
 pp_80_L_4    6199252.5      2027518.2    5                  1.4173300E-07
 pp_81_L_4    6212246.9      2021844.6    5                  1.4173300E-07
 pp_82_L_4    6205292.2      2010588.9    5                  1.4173300E-07
 pp_83_L_4    6206481.8      2005189.9    5                  1.4173300E-07
 pp_84_L_4    6216181.8      1998784.2    5                  1.4173300E-07
 pp_85_L_4    6204377.1      1994391.8    5                  1.4173300E-07
 pp_86_L_4    6219688.7      1988155.5    5                  1.4173300E-07
 pp_87_L_4    6230289.1      1980695.1    5                  1.4173300E-07
 pp_88_L_4    6228718.5      1949186.2    5                  1.4173300E-07
 pp_89_L_4    6215541.2      1969958.8    5                  1.4173300E-07
 pp_90_L_4    6204794.8      1984695.9    5                  1.4173300E-07
 pp_91_L_4    6244458.2      1926857.9    5                  1.4173300E-07
 pp_92_L_4    6236487.1      1940328.5    5                  1.4173300E-07
 pp_93_L_4    6258930.3      1941450.6    5                  1.4173300E-07
 pp_94_L_4    6239106.4      1959293.6    5                  1.4173300E-07
 pp_95_L_4    6155533.9      2045121.9    5                  1.4173300E-07
 pp_96_L_4    6150671.7      2037564.1    5                  1.4173300E-07
 pp_97_L_4    6144941.0      2049449.2    5                  1.4173300E-07
 pp_98_L_4    6142915.4      2065288.0    5                  1.4173300E-07
 pp_99_L_4    6138677.2      2040253.9    5                  1.4173300E-07
pp_100_L_4    6160027.2      2033926.3    5                  1.4173300E-07
