pp_1_surfK        6158697.2    2039129.3   4   0.05
pp_2_surfK        6159900.9    2038560.6   4   0.05
pp_3_surfK        6160215.2    2038264.6   4   0.05
pp_4_surfK        6160382.6    2037825.2   4   0.05
pp_5_surfK        6162414.5    2036083.7   4   0.05
pp_6_surfK        6163902.2    2034507.3   4   0.05
pp_7_surfK        6163905.4    2033002.9   4   0.05
pp_8_surfK        6164494.8    2031307.1   4   0.05
pp_9_surfK        6165281.2    2029960.3   4   0.05
pp_10_surfK       6165851.3    2029296.5   4   0.05
pp_11_surfK       6166130.3    2026561.3   4   0.05
pp_12_surfK       6166490.9    2025503.1   3   0.05
pp_13_surfK       6167303.4    2024093.3   4   0.05
pp_14_surfK       6157779.2    2039075.9   3   0.05
pp_15_surfK       6156675.1    2037623.1   1   0.005
pp_16_surfK       6159522.5    2038000.9   3   0.05
pp_17_surfK       6159734.1    2039640.9   4   0.05
pp_18_surfK       6163010.0    2040943.8   1   0.005
pp_19_surfK       6161162.0    2036924.4   3   0.05
pp_20_surfK       6160761.5    2038300.0   3   0.05
pp_21_surfK       6162694.4    2036732.8   3   0.05
pp_22_surfK       6163056.9    2038210.1   3   0.05
pp_23_surfK       6165498.0    2037446.8   3   0.05
pp_24_surfK       6164389.2    2035638.9   3   0.05
pp_25_surfK       6163613.5    2035192.4   4   0.05
pp_26_surfK       6164769.3    2034937.4   4   0.05
pp_27_surfK       6168852.6    2040074.8   1   0.005
pp_28_surfK       6164798.8    2038631.2   3   0.05
pp_29_surfK       6166576.6    2036738.0   1   0.005
pp_30_surfK       6166988.0    2033154.8   3   0.05
pp_31_surfK       6167892.4    2035293.4   4   0.05
pp_32_surfK       6166982.2    2031289.1   3   0.05
pp_33_surfK       6169151.1    2032435.3   1   0.005
pp_34_surfK       6161551.9    2035655.7   4   0.05
pp_35_surfK       6163049.8    2034763.0   4   0.05
pp_36_surfK       6162937.5    2033601.9   4   0.05
pp_37_surfK       6163226.1    2032276.6   4   0.05
pp_38_surfK       6157641.3    2026712.0   1   0.005
pp_39_surfK       6161922.5    2027532.1   1   0.005
pp_40_surfK       6165254.0    2028696.9   4   0.05
pp_41_surfK       6160783.3    2030656.3   1   0.005
pp_42_surfK       6166805.8    2028961.4   3   0.05
pp_43_surfK       6169539.1    2030248.7   1   0.005
pp_44_surfK       6167634.6    2026915.9   3   0.05
pp_45_surfK       6165024.8    2026616.1   1   0.005
pp_46_surfK       6164866.0    2024935.9   1   0.005
pp_47_surfK       6168196.3    2023515.4   3   0.05
pp_48_surfK       6173038.7    2026528.0   1   0.005
pp_49_surfK       6169506.4    2021232.1   3   0.05
pp_50_surfK       6164234.9    2019734.3   1   0.005
pp_51_surfK       6166324.8    2023103.6   1   0.005
pp_52_surfK       6169019.8    2019323.1   3   0.05
pp_53_surfK       6171415.3    2018200.2   1   0.005
pp_54_surfK       6170142.7    2015954.4   1   0.005
pp_55_surfK       6165826.9    2013542.7   1   0.005
pp_56_surfK       6172876.9    2013124.4   3   0.05
pp_57_surfK       6180328.7    2002016.9   1   0.005
pp_58_surfK       6174267.7    2000586.8   1   0.005
pp_59_surfK       6179256.5    2007675.4   1   0.005
pp_60_surfK       6184210.5    1996024.0   1   0.005
pp_61_surfK       6173503.4    1995500.2   1   0.005
pp_62_surfK       6178013.3    1986285.6   1   0.005
pp_63_surfK       6192382.6    1996092.1   1   0.005
pp_64_surfK       6191020.6    1989622.5   1   0.005
pp_65_surfK       6185844.9    2001472.1   2   0.005
pp_66_surfK       6186321.6    2006715.9   1   0.005
pp_67_surfK       6192900.3    2005900.3   1   0.005
pp_68_surfK       6189689.2    2007279.3   1   0.005
pp_69_surfK       6178285.7    2010529.6   2   0.005
pp_70_surfK       6168955.8    2007192.6   2   0.005
pp_71_surfK       6170204.9    2011992.6   1   0.005
pp_72_surfK       6176583.1    2016931.1   1   0.005
pp_73_surfK       6185232.0    2022106.8   1   0.005
pp_74_surfK       6176100.7    2031453.1   1   0.005
pp_75_surfK       6178479.9    2026237.0   1   0.005
pp_76_surfK       6173080.9    2037309.7   1   0.005
pp_77_surfK       6182493.7    2042885.5   3   0.05
pp_78_surfK       6167590.3    2049205.9   1   0.005
pp_79_surfK       6194311.0    2021478.5   1   0.005
pp_80_surfK       6199252.5    2027518.2   2   0.005
pp_81_surfK       6212246.9    2021844.6   2   0.005
pp_82_surfK       6205292.2    2010588.9   1   0.005
pp_83_surfK       6206481.8    2005189.9   2   0.005
pp_84_surfK       6216181.8    1998784.2   1   0.005
pp_85_surfK       6204377.1    1994391.8   1   0.005
pp_86_surfK       6219688.7    1988155.5   1   0.005
pp_87_surfK       6230289.1    1980695.1   1   0.005
pp_88_surfK       6228718.5    1949186.2   1   0.005
pp_89_surfK       6215541.2    1969958.8   1   0.005
pp_90_surfK       6204794.8    1984695.9   1   0.005
pp_91_surfK       6244458.2    1926857.9   1   0.005
pp_92_surfK       6236487.1    1940328.5   2   0.005
pp_93_surfK       6258930.3    1941450.6   3   0.05
pp_94_surfK       6239106.4    1959293.6   2   0.005
pp_95_surfK       6155533.9    2045121.9   1   0.005
pp_96_surfK       6150671.7    2037564.1   1   0.005
pp_97_surfK       6144941.0    2049449.2   1   0.005
pp_98_surfK       6142915.4    2065288.0   1   0.005
pp_99_surfK       6138677.2    2040253.9   1   0.005
pp_100_surfK      6160027.2    2033926.3   3   0.05