921.76 0 0
923.3933333 98.28597864 212.7603255
923.5266667 139.7783455 251.9143904
923.66 181.2707123 291.0684552
923.7933333 222.7630792 330.2225201
923.9266667 264.2554461 369.3765849
924.06 305.7478129 408.5306497
924.1933333 347.2401798 447.6847146
924.3266667 408.9832208 491.2878268
924.46 490.9769359 539.3399863
924.5933333 572.9706511 587.3921458
924.7266667 654.9643663 635.4443054
924.86 736.9580814 683.4964649
924.9933333 818.9517966 731.5486244
925.1266667 900.9455117 779.600784
925.26 982.9392269 827.6529435
925.3933333 1118.193153 890.1330374
925.5266667 1253.447079 952.6131314
925.66 1388.701005 1015.093225
925.7933333 1523.95493 1077.573319
925.9266667 1659.208856 1140.053413
926.06 1794.462782 1202.533507
926.1933333 1929.716708 1265.013601
926.3266667 2096.904379 1331.709343
926.46 2296.025795 1402.620732
926.5933333 2495.147211 1473.532122
926.7266667 2694.268627 1544.443512
926.86 2893.390044 1615.354901
926.9933333 3092.51146 1686.266291
927.1266667 3291.632876 1757.17768
927.26 3490.754292 1828.08907
927.3933333 3766.142282 1914.201225
927.5266667 4041.530272 2000.313379
927.66 4316.918262 2086.425534
927.7933333 4592.306251 2172.537689
927.9266667 4867.694241 2258.649843
928.06 5143.082231 2344.761998
928.1933333 5418.470221 2430.874153
928.3266667 5739.232918 2524.486224
928.46 6105.370323 2625.598211
928.5933333 6471.507727 2726.710198
928.7266667 6837.645131 2827.822185
928.86 7203.782536 2928.934172
928.9933333 7569.91994 3030.046159
929.1266667 7936.057345 3131.158146
929.26 8302.194749 3232.270133
929.3933333 8839.988149 3473.005721
929.5266667 9377.781549 3713.741309
929.66 9915.574949 3954.476897
929.7933333 10453.36835 4195.212485
929.9266667 10991.16175 4435.948073
930.06 11528.95515 4676.683661
930.1933333 12066.74855 4917.419249
930.3266667 12709.81621 5141.249523
930.46 13458.15813 5348.174484
930.5933333 14206.50005 5555.099444
930.7266667 14954.84197 5762.024405
930.86 15703.18388 5968.949365
930.9933333 16451.5258 6175.874326
931.1266667 17199.86772 6382.799286
931.26 17948.20964 6589.724247
931.3933333 18904.03634 6809.138879
931.5266667 19859.86304 7028.553512
931.66 20815.68974 7247.968144
931.7933333 21771.51645 7467.382776
931.9266667 22727.34315 7686.797408
932.06 23683.16985 7906.212041
932.1933333 24638.99655 8125.626673
932.3266667 25686.37809 8322.39348
932.46 26825.31446 8496.512461
932.5933333 27964.25083 8670.631443
932.7266667 29103.1872 8844.750425
932.86 30242.12357 9018.869406
932.9933333 31381.05994 9192.988388
933.1266667 32519.99631 9367.107369
933.26 33658.93268 9541.226351
933.3933333 34974.62393 9759.883119
933.5266667 36290.31519 9978.539887
933.66 37606.00644 10197.19665
933.7933333 38921.69769 10415.85342
933.9266667 40237.38895 10634.51019
934.06 41553.0802 10853.16696
934.1933333 42868.77145 11071.82373
934.3266667 44289.57796 11286.93323
934.46 45815.49971 11498.49546
934.5933333 47341.42146 11710.05769
934.7266667 48867.34322 11921.61992
934.86 50393.26497 12133.18215
934.9933333 51919.18672 12344.74439
935.1266667 53445.10848 12556.30662
935.26 54971.03023 12767.86885
935.3933333 56771.20403 12962.27286
935.5266667 58571.37782 13156.67687
935.66 60371.55162 13351.08088
935.7933333 62171.72541 13545.48489
935.9266667 63971.89921 13739.8889
936.06 65772.07301 13934.29291
936.1933333 67572.2468 14128.69692
936.3266667 69372.4206 14330.06774
936.46 71172.59439 14538.40536
936.5933333 72972.76819 14746.74297
936.7266667 74772.94199 14955.08059
936.86 76573.11578 15163.41821
936.9933333 78373.28958 15371.75583
937.1266667 80173.46337 15580.09344
937.26 81973.63717 15788.43106
937.3933333 84069.1839 16084.67774
937.5266667 86164.73063 16380.92441
937.66 88260.27737 16677.17109
937.7933333 90355.8241 16973.41777
937.9266667 92451.37083 17269.66445
938.06 94546.91756 17565.91112
938.1933333 96642.46429 17862.1578
938.3266667 99020.12103 18356.70815
938.46 101679.8878 19049.56217
938.5933333 104339.6545 19742.4162
938.7266667 106999.4212 20435.27022
938.86 109659.188 21128.12424
938.9933333 112318.9547 21820.97826
939.1266667 114978.7215 22513.83229
939.26 117638.4882 23206.68631
939.3933333 120755.6016 23600.80558
939.5266667 123872.7151 23994.92484
939.66 126989.8285 24389.04411
939.7933333 130106.9419 24783.16337
939.9266667 133224.0553 25177.28264
940.06 136341.1688 25571.4019
940.1933333 139458.2822 25965.52117
940.3266667 142874.9173 26590.55368
940.46 146591.074 27446.49945
940.5933333 150307.2307 28302.44522
940.7266667 154023.3875 29158.39099
940.86 157739.5442 30014.33676
940.9933333 161455.7009 30870.28253
941.1266667 165171.8577 31726.2283
941.26 168888.0144 32582.17407
941.3933333 173327.8365 33078.0642
941.5266667 177767.6586 33573.95434
941.66 182207.4807 34069.84447
941.7933333 186647.3028 34565.73461
941.9266667 191087.1249 35061.62474
942.06 195526.947 35557.51488
942.1933333 199966.7691 36053.40501
942.3266667 204605.6768 36418.04545
942.46 209443.6702 36651.43618
942.5933333 214281.6636 36884.82691
942.7266667 219119.657 37118.21764
942.86 223957.6504 37351.60837
942.9933333 228795.6438 37584.9991
943.1266667 233633.6372 37818.38983
943.46 238471.6306 38051.78056