1 10            #ISEG subbasin
2 10
3 10
4 10
5 10
6 10
7 10
8 10
9 10
10 10
11 10
12 10
13 10
14 10
15 10
16 10
17 10
18 10
19 10
20 10
21 10
22 10
23 10
24 10
25 10
26 10
27 10
28 10
29 10
30 10
31 10
32 10
33 10
34 10
35 10
36 10
37 10
38 10
39 10
40 10
41 10
42 10
43 10
44 10
45 10
46 10
47 10
48 10
49 10
50 10
51 10
52 10
53 10
54 10
55 10
56 10
57 10
58 10
59 10
60 10
61 4
62 10
63 10
64 10
65 10
66 10
67 10
68 4
69 4
70 4
71 10
72 10
73 10
74 4
75 4
76 10
77 4
78 10
79 10
80 10
81 10
82 10
83 4
84 10
85 10
86 10
87 4
88 4
89 10
90 10
91 4
92 10
93 10
94 10
95 10
96 10
97 4
98 10
99 10
100 10
101 4
102 4
103 10
104 10
105 10
106 10
107 4
108 10
109 10
110 10
111 10
112 10
113 10
114 4
115 4
116 2
117 10
118 10
119 10
120 4
121 10
122 10
123 10
124 10
125 2
126 10
127 10
128 10
129 10
130 10
131 4
132 10
133 10
134 10
135 10
136 10
137 4
138 4
139 10
140 10
141 10
142 10
143 10
144 10
145 10
146 10
147 12
148 10
149 12
150 12
151 2
152 12
153 12
154 4
155 2
156 2
157 2
158 2
159 12
160 12
161 12
162 12
163 4
164 4
165 12
166 4
167 2
168 4
169 4
170 12
171 4
172 2
173 2
174 12
175 12
176 4
177 2
178 12
179 12
180 4
181 12
182 4
183 4
184 4
185 4
186 12
187 12
188 2
189 4
190 2
191 4
192 2
193 12
194 12
195 12
196 11
197 12
198 2
199 12
200 2
201 2
202 12
203 12
204 2
205 2
206 12
207 4
208 2
209 12
210 12
211 2
212 12
213 11
214 12
215 11
216 4
217 2
218 2
219 2
220 2
221 4
222 2
223 2
224 4
225 11
226 4
227 2
228 2
229 12
230 12
231 4
232 1
233 12
234 4
235 4
236 12
237 12
238 11
239 11
240 4
241 12
242 12
243 4
244 4
245 4
246 11
247 11
248 2
249 2
250 11
251 11
252 11
253 4
254 4
255 11
256 2
257 2
258 2
259 2
260 11
261 11
262 11
263 4
264 12
265 11
266 2
267 2
268 11
269 2
270 11
271 11
272 1
273 2
274 2
275 1
276 2
277 2
278 4
279 2
280 2
281 11
282 9
283 2
284 2
285 11
286 9
287 11
288 9
289 2
290 2
291 2
292 9
293 2
294 9
295 2
296 9
297 2
298 9
299 9
300 2
301 9
302 9
303 9
304 9
305 9
306 1
307 2
308 9
309 8
310 9
311 8
312 1
313 9
314 1
315 2
316 9
317 9
318 8
319 1
320 1
321 1
322 8
323 9
324 8
325 1
326 1
327 9
328 9
329 9
330 1
331 1
332 9
333 9
334 1
335 1
336 9
337 9
338 8
339 8
340 9
341 8
342 9
343 8
344 9
345 8
346 8
347 8
348 9
349 9
350 9
351 8
352 6
353 6
354 8
355 6
356 8
357 8
358 8
359 8
360 8
361 9
362 5
363 8
364 9
365 8
366 6
367 6
368 5
369 6
370 6
371 8
372 8
373 6
374 8
375 8
376 8
377 8
378 8
379 8
380 6
381 8
382 6
383 5
384 7
385 5
386 5
387 5
388 6
389 5
390 5
391 6
392 5
393 6
394 6
395 5
396 7
397 6
398 7
399 6
400 6
401 6
402 6
403 6
404 5
405 6
406 5
407 6
408 6
409 5
410 6
411 6
412 6
413 6
414 6
415 5
416 5
417 6
418 6
419 5
420 5
421 5
422 6
423 6
424 6
425 5
426 6
427 6
428 6
429 6
430 6
431 6
432 6
433 6
434 6
435 5
436 6
437 6
438 6
439 6
440 6
441 6
442 5
443 6
444 6
445 6
446 5
447 5
448 6
449 5
450 6
451 6
452 6
453 6
454 6
455 6
456 6
457 6
458 6
459 6
460 6
461 6
462 6
463 5
464 5
465 6
466 6
467 6
468 6
469 6
470 5
471 6
472 5
473 5
474 5
475 5
476 5
477 6
478 6
479 5
480 6
481 6
482 6
483 5
484 5
485 5
486 6
487 5
488 6
489 6
490 5
491 6
492 6
493 5
494 5
495 3
496 6
497 6
498 5
499 3
500 5
501 6
502 6
503 6
504 3
505 3
506 5
507 3
508 6
509 6
510 3
511 3
512 3
513 6
514 6
515 6
516 6
517 6
518 5
519 3
520 5
521 3
522 6
523 6
524 5
525 6
526 6
527 5
528 6
529 6
530 6
531 5
532 6
533 6
534 5
535 5
536 6
537 6
538 3
539 3
540 5
541 5
542 5
543 5
544 3
545 3
546 3
547 3
548 3
549 3
550 6
551 6
552 3
553 6
554 6
555 3
556 6
557 3
558 3
559 3
560 6
561 5
562 5
563 3
564 5
565 6
566 3
567 3
568 3
569 3
570 5
571 5
572 3
573 6
574 5
575 5
576 5
577 3
578 5
579 3
580 5
581 5
582 5
583 3
584 6
585 5
586 3
587 5
588 5
589 3
590 5
591 3
592 6
593 6
594 3
595 6
596 5
597 3
598 3
599 3
600 3
601 6
602 3
603 3
604 5
605 3
606 6
607 3
608 6
609 6
610 6
611 3
612 3
613 3
614 6
615 6
616 3
617 3
618 5
619 3
620 5
621 5
622 5
623 5
624 3
625 6
626 6
627 6
628 6
629 3
630 6
631 6
632 6
633 3
634 6
635 6
636 5
637 6
638 3
639 3
640 3
641 3
642 3
643 6
644 6
645 6
646 6
647 3
648 3
649 6
650 3
651 3
652 3
653 6
654 6
655 3
656 3
657 3
658 3
659 3
660 3
661 3
662 3
663 6
664 6
665 6
666 6
667 3
668 6
669 3
670 3
671 3
672 6
673 6
674 3
675 3
676 3
677 3
678 6
679 3
680 6
681 3
682 3
683 3
684 3
685 3
686 3
687 3
688 3
689 3
690 3
691 3
692 3
693 6
694 6
695 3
696 3
697 3
698 3
699 3
700 3
701 3
702 3
703 3
704 3
705 3
706 3
707 3
708 3
709 3
710 3
711 3
712 3
713 3
714 3
715 3
716 3
717 3
718 3
719 3
720 3
721 3
722 3
723 3
724 3
725 3
726 3
727 3
728 3
729 3
730 3
731 3
732 3
733 3
734 3
735 3
736 3
737 3
738 3
739 3
740 3
741 3
742 3
743 3
744 3
745 3
746 3
747 3
748 3
749 3
750 3
751 3
752 3
753 3
754 3
755 3
756 3
757 3
758 3
759 3
760 3
761 3
762 3
763 3
764 3
765 3
766 3
767 3
768 3
769 3
770 3
771 3
772 3
773 3
774 3
775 3
776 3
777 3
778 3
779 3
780 3
781 3
782 3
783 3
784 3
785 3
786 3
787 3
788 3
789 3
790 3
791 3
792 3
793 3
794 3
795 3
796 3
797 3
798 3
799 3
800 3
801 3
802 3
803 3
804 3
805 3
806 3
807 3
808 3
809 3
810 3
811 3
812 3
813 3
814 3
815 3
816 3
817 3
818 3
819 3
820 3
821 3
822 3
823 3
824 3
825 3
826 3
827 3
828 3
829 3
830 3
831 3
832 3
833 3
834 3
835 3
836 3
837 3
838 3
839 3
840 3
841 3
842 3
843 3
844 3
845 3
846 3
847 3
848 3
849 3
850 3
851 3
852 3
853 3
854 3
855 3
856 3
857 3
858 3
859 3
860 3
861 3
862 3
863 3
864 3
865 3
866 3
867 3
868 3
869 3
870 3
871 3
872 3
873 3
874 3
875 3
876 3
877 3
878 3
879 3
880 3
881 3
882 3
883 3
884 3
885 3
886 3
887 3
888 3
889 3
890 3
891 3
892 3
893 3
894 3
895 3
896 3
897 3
898 3
899 3
900 3
901 3
902 3
903 3
904 3
905 3
906 3
907 3
908 3
909 3
910 3
911 3
912 3
913 3
914 3
915 3
916 3
917 3
918 3
919 3
920 3
921 3
922 3
923 3
924 3
925 3
926 3
927 3
928 3
929 3
930 3
931 3
932 3
933 3
934 3
935 3
936 3
937 3
938 3
939 3
940 3
941 3
942 3
943 3
944 3
945 3
946 3
947 3
948 3
949 3
950 3
951 3
952 3
953 11
954 12
955 12