FID_,HRU_ID
,149686
,149687
,149688
,149689
,148983
,148984
,148985
,148986
,148281
,148282
,148283
,148284
,147578
,147579
,147580
,147581
,146875
,146876
,146877
,146878
,146879
,146888
,146889
,146173
,146174
,146175
,146176
,146185
,146186
,146187
,145482
,145483
,145484
,145485
,144779
,144780
,144781
,144782
,144783
,144076
,144077
,144078
,144079
,144080
,144081
,143373
,143374
,143375
,143376
,143377
,143378
,143379
,142671
,142672
,142673
,142674
,142675
,142676
,142677
,141968
,141969
,141970
,141971
,141972
,141973
,141974
,141975
,141266
,141267
,141268
,141269
,141270
,141271
,141272
,141273
,140564
,140565
,140566
,140567
,140568
,140569
,140570
,140571
,139861
,139862
,139863
,139864
,139865
,139866
,139867
,139868
,139869
,139159
,139160
,139161
,139162
,139163
,139164
,139165
,139166
,139167
,138444
,138456
,138457
,138458
,138459
,138465
,137741
,137742
,137743
,137744
,137755
,137756
,137039
,137040
,137041
,137042
,136336
,136337
,136338
,136339
,136348
,136356
,136357
,136358
,135634
,135635
,135636
,135637
,135646
,135654
,135655
,135656
,134932
,134933
,134934
,134935
,134944
,134951
,134952
,134953
,134954
,134242
,134243
,134244
,134250
,134251
,134252
,133540
,133541
,133542
,133547
,133548
,133549
,132838
,132839
,132840
,132841
,132845
,132846
,132847
,132136
,132137
,132138
,132139
,132143
,131434
,131435
,131436
,128626
,128627
,128628
,127924
,127925
,127928
,127929
,127219
,127220
,127225
,127226
,127227
,127228
,127229
,126517
,126518
,126524
,126525
,126526
,125814
,125815
,125816
,125817
,125818
,125819
,125820
,125111
,125112
,125113
,125114
,125115
,125116
,125117
,125118
,125119
,125120
,124410
,124411
,124412
,124413
,124414
,124415
,124416
,124417
,124418
,124419
,123708
,123709
,123710
,123711
,123712
,123713
,123714
,123715
,123716
,123717
,123718
,123007
,123008
,123009
,123010
,123011
,123012
,123013
,123014
,123015
,123016
,122306
,122307
,122308
,122309
,122310
,122311
,122312
,122313
,121604
,121605
,121606
,121607
,121608
,121609
,121610
,120903
,120904
,120905
,120906
,120907
,120908
,120202
,120203
,120204
,120205
,120206
,119501
,119502
,119503
,118800