FID_,HRU_ID
,149686
,149687
,149688
,149689
,148983
,148984
,148985
,148986
,148987
,148281
,148282
,148283
,148284
,147578
,147579
,147580
,147581
,147582
,146875
,146876
,146877
,146878
,146879
,146880
,146888
,146889
,146173
,146174
,146175
,146176
,146177
,146185
,146186
,146187
,145481
,145482
,145483
,145484
,145485
,144778
,144779
,144780
,144781
,144782
,144783
,144076
,144077
,144078
,144079
,144080
,144081
,143373
,143374
,143375
,143376
,143377
,143378
,143379
,142670
,142671
,142672
,142673
,142674
,142675
,142676
,142677
,141968
,141969
,141970
,141971
,141972
,141973
,141974
,141975
,141266
,141267
,141268
,141269
,141270
,141271
,141272
,141273
,140563
,140564
,140565
,140566
,140567
,140568
,140569
,140570
,140571
,139861
,139862
,139863
,139864
,139865
,139866
,139867
,139868
,139869
,139158
,139159
,139160
,139161
,139162
,139163
,139164
,139165
,139166
,139167
,138444
,138456
,138457
,138458
,138459
,138460
,138463
,138464
,138465
,137741
,137742
,137743
,137744
,137754
,137755
,137756
,137757
,137039
,137040
,137041
,137042
,137053
,136336
,136337
,136338
,136339
,136348
,136356
,136357
,136358
,135634
,135635
,135636
,135637
,135646
,135647
,135654
,135655
,135656
,134932
,134933
,134934
,134935
,134944
,134945
,134946
,134951
,134952
,134953
,134954
,134242
,134243
,134244
,134249
,134250
,134251
,134252
,133540
,133541
,133542
,133543
,133547
,133548
,133549
,132838
,132839
,132840
,132841
,132842
,132844
,132845
,132846
,132847
,132136
,132137
,132138
,132139
,132143
,131434
,131435
,131436
,131437
,128625
,128626
,128627
,128628
,128631
,127924
,127925
,127928
,127929
,127930
,127219
,127220
,127225
,127226
,127227
,127228
,127229
,126517
,126518
,126524
,126525
,126526
,126527
,125814
,125815
,125816
,125817
,125818
,125819
,125820
,125111
,125112
,125113
,125114
,125115
,125116
,125117
,125118
,125119
,125120
,124410
,124411
,124412
,124413
,124414
,124415
,124416
,124417
,124418
,124419
,123708
,123709
,123710
,123711
,123712
,123713
,123714
,123715
,123716
,123717
,123718
,123007
,123008
,123009
,123010
,123011
,123012
,123013
,123014
,123015
,123016
,122306
,122307
,122308
,122309
,122310
,122311
,122312
,122313
,121604
,121605
,121606
,121607
,121608
,121609
,121610
,121611
,120903
,120904
,120905
,120906
,120907
,120908
,120202
,120203
,120204
,120205
,120206
,119487
,119500
,119501
,119502
,119503
,118784
,118785
,118786
,118800
,118082
,118083
,118084
,118085
,117380
,117381
,117382
,117383
,116677
,116678
,116679
,116680
,116681
,115975
,115976
,115977
,115978
,115979
,115980
,115272
,115273
,115274
,115275
,115276
,115277
,115278
,114570
,114571
,114572
,114573
,114574
,114575
,114576
,113868
,113869
,113870
,113871
,113872
,113873
,113874
,113875
,113167
,113168
,113169
,113170
,113171
,113172
,113173
,112466
,112467
,112468
,112469
,112470
,112471
,111764
,111765
,111766
,111767
,111768
,111769
,111062
,111063
,111064
,111065
,111066
,111067
,110360
,110361
,110362
,110363
,110364
,109659
,109660
,109661