0 43200
1 43200
2 43200
3 43200
4 43200
5 43200
6 43200
7 43200
8 43200
9 43200
10 43200
11 43200
12 43200
13 43200
14 43200
15 43200
16 43200
17 43200
18 43200
19 43200
20 43200
21 43200
22 43200
23 43200
24 43200
25 43200
26 43200
27 43200
28 43200
29 43200
30 43200
31 43200
32 43200
33 43200
34 43200
35 43200
36 43200
37 43200
38 43200
39 43200
40 43200
41 43200
42 43200
43 43200
44 43200
45 43200
46 43200
47 43200
48 43200
49 43200
50 43200
51 43200
52 43200
53 43200
54 43200
55 43200
56 43200
57 43200
58 43200
59 43200
60 43200
61 43200
62 43200
63 43200
64 43200
65 43200
66 43200
67 43200
68 43200
69 43200
70 43200
71 43200
72 43200
73 43200
74 43200
75 43200
76 43200
77 43200
78 43200
79 43200
80 43200
81 43200
82 43200
83 43200
84 43200
85 43200
86 43200
87 43200
88 43200
89 43200
90 43200
91 43200
92 1e-05
93 1e-05
94 1e-05
95 1e-05
96 1e-05
97 1e-05
98 1e-05
99 1e-05
100 1e-05
101 1e-05
102 1e-05
103 1e-05
104 1e-05
105 1e-05
106 1e-05
107 1e-05
108 1e-05
109 1e-05
110 1e-05
111 1e-05
112 1e-05
113 1e-05
114 1e-05
115 1e-05
116 1e-05
117 1e-05
118 1e-05
119 1e-05
120 1e-05
121 1e-05
122 1e-05
123 1e-05
124 1e-05
125 1e-05
126 1e-05
127 1e-05
128 1e-05
129 1e-05
130 1e-05
131 1e-05
132 1e-05
133 1e-05
134 1e-05
135 1e-05
136 1e-05
137 1e-05
138 1e-05
139 1e-05
140 1e-05
141 1e-05
142 1e-05
143 1e-05
144 1e-05
145 1e-05
146 1e-05
147 1e-05
148 1e-05
149 1e-05
150 1e-05
151 1e-05
152 1e-05
153 1e-05
154 1e-05
155 1e-05
156 1e-05
157 1e-05
158 1e-05
159 1e-05
160 1e-05
161 1e-05
162 1e-05
163 1e-05
164 1e-05
165 1e-05
166 1e-05
167 1e-05
168 1e-05
169 1e-05
170 1e-05
171 1e-05
172 1e-05
173 1e-05
174 1e-05
175 1e-05
176 1e-05
177 1e-05
178 1e-05
179 1e-05
180 1e-05
181 1e-05
182 1e-05
183 1e-05
184 1e-05
185 1e-05
186 1e-05
187 1e-05
188 1e-05
189 1e-05
190 1e-05
191 1e-05
192 1e-05
193 1e-05
194 1e-05
195 1e-05
196 1e-05
197 1e-05
198 1e-05
199 1e-05
200 1e-05
201 1e-05
202 1e-05
203 1e-05
204 1e-05
205 1e-05
206 1e-05
207 1e-05
208 1e-05
209 1e-05
210 1e-05
211 1e-05
212 1e-05
213 1e-05
214 1e-05
215 1e-05
216 1e-05
217 1e-05
218 1e-05
219 1e-05
220 1e-05
221 1e-05
222 1e-05
223 1e-05
224 1e-05
225 1e-05
226 1e-05
227 1e-05
228 1e-05
229 1e-05
230 1e-05
231 1e-05
232 1e-05
233 1e-05
234 1e-05
235 1e-05
236 1e-05
237 1e-05
238 1e-05
239 1e-05
240 1e-05
241 1e-05
242 1e-05
243 1e-05
244 1e-05
245 1e-05
246 1e-05
247 1e-05
248 1e-05
249 1e-05
250 1e-05
251 1e-05
252 1e-05
253 1e-05
254 1e-05
255 1e-05
256 1e-05
257 1e-05
258 1e-05
259 1e-05
260 1e-05
261 1e-05
262 1e-05
263 1e-05
264 1e-05
265 1e-05
266 1e-05
267 1e-05
268 1e-05
269 1e-05
270 1e-05
271 1e-05
272 1e-05
273 51840
274 51840
275 51840
276 51840
277 51840
278 51840
279 51840
280 51840
281 51840
282 51840
283 51840
284 51840
285 51840
286 51840
287 51840
288 51840
289 51840
290 51840
291 51840
292 51840
293 51840
294 51840
295 51840
296 51840
297 51840
298 51840
299 51840
300 51840
301 51840
302 51840
303 51840
304 51840
305 51840
306 51840
307 51840
308 51840
309 51840
310 51840
311 51840
312 51840
313 51840
314 51840
315 51840
316 51840
317 51840
318 51840
319 51840
320 51840
321 51840
322 51840
323 51840
324 51840
325 51840
326 51840
327 51840
328 51840
329 51840
330 51840
331 51840
332 51840
333 51840
334 51840
335 51840
336 51840
337 51840
338 51840
339 51840
340 51840
341 51840
342 51840
343 51840
344 51840
345 51840
346 51840
347 51840
348 51840
349 51840
350 51840
351 51840
352 51840
353 51840
354 51840
355 51840
356 51840
357 51840
358 51840
359 51840
360 51840
361 51840
362 51840
363 51840
364 51840
365 1e-05
366 1e-05
367 1e-05
368 1e-05
369 1e-05
370 1e-05
371 1e-05
372 1e-05
373 1e-05
374 1e-05
375 1e-05
376 1e-05
377 1e-05
378 1e-05
379 1e-05
380 1e-05
381 1e-05
382 1e-05
383 1e-05
384 1e-05
385 1e-05
386 1e-05
387 1e-05
388 1e-05
389 1e-05
390 1e-05
391 1e-05
392 1e-05
393 1e-05
394 1e-05
395 1e-05
396 1e-05
397 1e-05
398 1e-05
399 1e-05
400 1e-05
401 1e-05
402 1e-05
403 1e-05
404 1e-05
405 1e-05
406 1e-05
407 1e-05
408 1e-05
409 1e-05
410 1e-05
411 1e-05
412 1e-05
413 1e-05
414 1e-05
415 1e-05
416 1e-05
417 1e-05
418 1e-05
419 1e-05
420 1e-05
421 1e-05
422 1e-05
423 1e-05
424 1e-05
425 1e-05
426 1e-05
427 1e-05
428 1e-05
429 1e-05
430 1e-05
431 1e-05
432 1e-05
433 1e-05
434 1e-05
435 1e-05
436 1e-05
437 1e-05
438 1e-05
439 1e-05
440 1e-05
441 1e-05
442 1e-05
443 1e-05
444 1e-05
445 1e-05
446 1e-05
447 1e-05
448 1e-05
449 1e-05
450 1e-05
451 1e-05
452 1e-05
453 1e-05
454 1e-05
455 1e-05
456 1e-05
457 1e-05
458 1e-05
459 1e-05
460 1e-05
461 1e-05
462 1e-05
463 1e-05
464 1e-05
465 1e-05
466 1e-05
467 1e-05
468 1e-05
469 1e-05
470 1e-05
471 1e-05
472 1e-05
473 1e-05
474 1e-05
475 1e-05
476 1e-05
477 1e-05
478 1e-05
479 1e-05
480 1e-05
481 1e-05
482 1e-05
483 1e-05
484 1e-05
485 1e-05
486 1e-05
487 1e-05
488 1e-05
489 1e-05
490 1e-05
491 1e-05
492 1e-05
493 1e-05
494 1e-05
495 1e-05
496 1e-05
497 1e-05
498 1e-05
499 1e-05
500 1e-05
501 1e-05
502 1e-05
503 1e-05
504 1e-05
505 1e-05
506 1e-05
507 1e-05
508 1e-05
509 1e-05
510 1e-05
511 1e-05
512 1e-05
513 1e-05
514 1e-05
515 1e-05
516 1e-05
517 1e-05
518 1e-05
519 1e-05
520 1e-05
521 1e-05
522 1e-05
523 1e-05
524 1e-05
525 1e-05
526 1e-05
527 1e-05
528 1e-05
529 1e-05
530 1e-05
531 1e-05
532 1e-05
533 1e-05
534 1e-05
535 1e-05
536 1e-05
537 1e-05
538 1e-05
539 1e-05
540 1e-05
541 1e-05
542 1e-05
543 1e-05
544 1e-05
545 1e-05
546 1e-05
547 345600
548 345600
549 345600
550 345600
551 345600
552 345600
553 345600
554 345600
555 345600
556 345600
557 345600
558 345600
559 345600
560 345600
561 345600
562 345600
563 345600
564 345600
565 345600
566 345600
567 345600
568 345600
569 345600
570 345600
571 345600
572 345600
573 345600
574 345600
575 345600
576 345600
577 345600
578 345600
579 345600
580 345600
581 345600
582 345600
583 345600
584 345600
585 345600
586 345600
587 345600
588 345600
589 345600
590 345600
591 345600
592 345600
593 345600
594 345600
595 345600
596 345600
597 345600
598 345600
599 345600
600 345600
601 345600
602 345600
603 345600
604 345600
605 345600
606 345600
607 345600
608 345600
609 345600
610 345600
611 345600
612 345600
613 345600
614 345600
615 345600
616 345600
617 345600
618 345600
619 345600
620 345600
621 345600
622 345600
623 345600
624 345600
625 345600
626 345600
627 345600
628 345600
629 345600
630 345600
631 345600
632 345600
633 345600
634 345600
635 345600
636 345600
637 345600
638 86400
639 86400
640 86400
641 86400
642 86400
643 86400
644 86400
645 86400
646 86400
647 86400
648 86400
649 86400
650 86400
651 86400
652 86400
653 86400
654 86400
655 86400
656 86400
657 86400
658 86400
659 86400
660 86400
661 86400
662 86400
663 86400
664 86400
665 86400
666 86400
667 86400
668 86400
669 86400
670 86400
671 86400
672 86400
673 86400
674 86400
675 86400
676 86400
677 86400
678 86400
679 86400
680 86400
681 86400
682 86400
683 86400
684 86400
685 86400
686 86400
687 86400
688 86400
689 86400
690 86400
691 86400
692 86400
693 86400
694 86400
695 86400
696 86400
697 86400
698 86400
699 86400
700 86400
701 86400
702 86400
703 86400
704 86400
705 86400
706 86400
707 86400
708 86400
709 86400
710 86400
711 86400
712 86400
713 86400
714 86400
715 86400
716 86400
717 86400
718 86400
719 86400
720 86400
721 86400
722 86400
723 86400
724 86400
725 86400
726 86400
727 86400
728 86400
729 86400
730 1e-05
731 1e-05
732 1e-05
733 1e-05
734 1e-05
735 1e-05
736 1e-05
737 1e-05
738 1e-05
739 1e-05
740 1e-05
741 1e-05
742 1e-05
743 1e-05
744 1e-05
745 1e-05
746 1e-05
747 1e-05
748 1e-05
749 1e-05
750 1e-05
751 1e-05
752 1e-05
753 1e-05
754 1e-05
755 1e-05
756 1e-05
757 1e-05
758 1e-05
759 1e-05
760 1e-05
761 1e-05
762 1e-05
763 1e-05
764 1e-05
765 1e-05
766 1e-05
767 1e-05
768 1e-05
769 1e-05
770 1e-05
771 1e-05
772 1e-05
773 1e-05
774 1e-05
775 1e-05
776 1e-05
777 1e-05
778 1e-05
779 1e-05
780 1e-05
781 1e-05
782 1e-05
783 1e-05
784 1e-05
785 1e-05
786 1e-05
787 1e-05
788 1e-05
789 1e-05
790 1e-05
791 1e-05
792 1e-05
793 1e-05
794 1e-05
795 1e-05
796 1e-05
797 1e-05
798 1e-05
799 1e-05
800 1e-05
801 1e-05
802 1e-05
803 1e-05
804 1e-05
805 1e-05
806 1e-05
807 1e-05
808 1e-05
809 1e-05
810 1e-05
811 1e-05
812 1e-05
813 1e-05
814 1e-05
815 1e-05
816 1e-05
817 1e-05
818 1e-05
819 1e-05
820 1e-05
821 1e-05
822 1e-05
823 1e-05
824 1e-05
825 1e-05
826 1e-05
827 1e-05
828 1e-05
829 1e-05
830 1e-05
831 1e-05
832 1e-05
833 1e-05
834 1e-05
835 1e-05
836 1e-05
837 1e-05
838 1e-05
839 1e-05
840 1e-05
841 1e-05
842 1e-05
843 1e-05
844 1e-05
845 1e-05
846 1e-05
847 1e-05
848 1e-05
849 1e-05
850 1e-05
851 1e-05
852 1e-05
853 1e-05
854 1e-05
855 1e-05
856 1e-05
857 1e-05
858 1e-05
859 1e-05
860 1e-05
861 1e-05
862 1e-05
863 1e-05
864 1e-05
865 1e-05
866 1e-05
867 1e-05
868 1e-05
869 1e-05
870 1e-05
871 1e-05
872 1e-05
873 1e-05
874 1e-05
875 1e-05
876 1e-05
877 1e-05
878 1e-05
879 1e-05
880 1e-05
881 1e-05
882 1e-05
883 1e-05
884 1e-05
885 1e-05
886 1e-05
887 1e-05
888 1e-05
889 1e-05
890 1e-05
891 1e-05
892 1e-05
893 1e-05
894 1e-05
895 1e-05
896 1e-05
897 1e-05
898 1e-05
899 1e-05
900 1e-05
901 1e-05
902 1e-05
903 1e-05
904 1e-05
905 1e-05
906 1e-05
907 1e-05
908 1e-05
909 1e-05
910 1e-05
911 1e-05
912 112320
913 112320
914 112320
915 112320
916 112320
917 112320
918 112320
919 112320
920 112320
921 112320
922 112320
923 112320
924 112320
925 112320
926 112320
927 112320
928 112320
929 112320
930 112320
931 112320
932 112320
933 112320
934 112320
935 112320
936 112320
937 112320
938 112320
939 112320
940 112320
941 112320
942 112320
943 112320
944 112320
945 112320
946 112320
947 112320
948 112320
949 112320
950 112320
951 112320
952 112320
953 112320
954 112320
955 112320
956 112320
957 112320
958 112320
959 112320
960 112320
961 112320
962 112320
963 112320
964 112320
965 112320
966 112320
967 112320
968 112320
969 112320
970 112320
971 112320
972 112320
973 112320
974 112320
975 112320
976 112320
977 112320
978 112320
979 112320
980 112320
981 112320
982 112320
983 112320
984 112320
985 112320
986 112320
987 112320
988 112320
989 112320
990 112320
991 112320
992 112320
993 112320
994 112320
995 112320
996 112320
997 112320
998 112320
999 112320
1000 112320
1001 112320
1002 112320
1003 1391040
1004 1391040
1005 1391040
1006 1391040
1007 1391040
1008 1391040
1009 1391040
1010 1391040
1011 1391040
1012 1391040
1013 1391040
1014 1391040
1015 1391040
1016 1391040
1017 1391040
1018 1391040
1019 1391040
1020 1391040
1021 1391040
1022 1391040
1023 1391040
1024 1391040
1025 1391040
1026 1391040
1027 1391040
1028 1391040
1029 1391040
1030 1391040
1031 1391040
1032 1391040
1033 1391040
1034 1391040
1035 1391040
1036 1391040
1037 1391040
1038 1391040
1039 1391040
1040 1391040
1041 1391040
1042 1391040
1043 1391040
1044 1391040
1045 1391040
1046 1391040
1047 1391040
1048 1391040
1049 1391040
1050 1391040
1051 1391040
1052 1391040
1053 1391040
1054 1391040
1055 1391040
1056 1391040
1057 1391040
1058 1391040
1059 1391040
1060 1391040
1061 1391040
1062 1391040
1063 1391040
1064 1391040
1065 1391040
1066 1391040
1067 1391040
1068 1391040
1069 1391040
1070 1391040
1071 1391040
1072 1391040
1073 1391040
1074 1391040
1075 1391040
1076 1391040
1077 1391040
1078 1391040
1079 1391040
1080 1391040
1081 1391040
1082 1391040
1083 1391040
1084 1391040
1085 1391040
1086 1391040
1087 1391040
1088 1391040
1089 1391040
1090 1391040
1091 1391040
1092 1391040
1093 1391040
1094 1391040
1095 1e-05
1096 1e-05
1097 1e-05
1098 1e-05
1099 1e-05
1100 1e-05
1101 1e-05
1102 1e-05
1103 1e-05
1104 1e-05
1105 1e-05
1106 1e-05
1107 1e-05
1108 1e-05
1109 1e-05
1110 1e-05
1111 1e-05
1112 1e-05
1113 1e-05
1114 1e-05
1115 1e-05
1116 1e-05
1117 1e-05
1118 1e-05
1119 1e-05
1120 1e-05
1121 1e-05
1122 1e-05
1123 1e-05
1124 1e-05
1125 1e-05
1126 1e-05
1127 1e-05
1128 1e-05
1129 1e-05
1130 1e-05
1131 1e-05
1132 1e-05
1133 1e-05
1134 1e-05
1135 1e-05
1136 1e-05
1137 1e-05
1138 1e-05
1139 1e-05
1140 1e-05
1141 1e-05
1142 1e-05
1143 1e-05
1144 1e-05
1145 1e-05
1146 1e-05
1147 1e-05
1148 1e-05
1149 1e-05
1150 1e-05
1151 1e-05
1152 1e-05
1153 1e-05
1154 1e-05
1155 1e-05
1156 1e-05
1157 1e-05
1158 1e-05
1159 1e-05
1160 1e-05
1161 1e-05
1162 1e-05
1163 1e-05
1164 1e-05
1165 1e-05
1166 1e-05
1167 1e-05
1168 1e-05
1169 1e-05
1170 1e-05
1171 1e-05
1172 1e-05
1173 1e-05
1174 1e-05
1175 1e-05
1176 1e-05
1177 1e-05
1178 1e-05
1179 1e-05
1180 1e-05
1181 1e-05
1182 1e-05
1183 1e-05
1184 1e-05
1185 1e-05
1186 1e-05
1187 1e-05
1188 1e-05
1189 1e-05
1190 1e-05
1191 1e-05
1192 1e-05
1193 1e-05
1194 1e-05
1195 1e-05
1196 1e-05
1197 1e-05
1198 1e-05
1199 1e-05
1200 1e-05
1201 1e-05
1202 1e-05
1203 1e-05
1204 1e-05
1205 1e-05
1206 1e-05
1207 1e-05
1208 1e-05
1209 1e-05
1210 1e-05
1211 1e-05
1212 1e-05
1213 1e-05
1214 1e-05
1215 1e-05
1216 1e-05
1217 1e-05
1218 1e-05
1219 1e-05
1220 1e-05
1221 1e-05
1222 1e-05
1223 1e-05
1224 1e-05
1225 1e-05
1226 1e-05
1227 1e-05
1228 1e-05
1229 1e-05
1230 1e-05
1231 1e-05
1232 1e-05
1233 1e-05
1234 1e-05
1235 1e-05
1236 1e-05
1237 1e-05
1238 1e-05
1239 1e-05
1240 1e-05
1241 1e-05
1242 1e-05
1243 1e-05
1244 1e-05
1245 1e-05
1246 1e-05
1247 1e-05
1248 1e-05
1249 1e-05
1250 1e-05
1251 1e-05
1252 1e-05
1253 1e-05
1254 1e-05
1255 1e-05
1256 1e-05
1257 1e-05
1258 1e-05
1259 1e-05
1260 1e-05
1261 1e-05
1262 1e-05
1263 1e-05
1264 1e-05
1265 1e-05
1266 1e-05
1267 1e-05
1268 1e-05
1269 1e-05
1270 1e-05
1271 1e-05
1272 1e-05
1273 1e-05
1274 1e-05
1275 1e-05
1276 1e-05
1277 1e-05
1278 1e-05
1279 1e-05
1280 1e-05
1281 1e-05
1282 1e-05
1283 1e-05
1284 1e-05
1285 1e-05
1286 1e-05
1287 1e-05
1288 1e-05
1289 1e-05
1290 1e-05
1291 1e-05
1292 1e-05
1293 1e-05
1294 1e-05
1295 1e-05
1296 1e-05
1297 1e-05
1298 1e-05
1299 1e-05
1300 1e-05
1301 1e-05
1302 1e-05
1303 1e-05
1304 1e-05
1305 1e-05
1306 1e-05
1307 1e-05
1308 1e-05
1309 1e-05
1310 1e-05
1311 1e-05
1312 1e-05
1313 1e-05
1314 1e-05
1315 1e-05
1316 1e-05
1317 1e-05
1318 1e-05
1319 1e-05
1320 1e-05
1321 1e-05
1322 1e-05
1323 1e-05
1324 1e-05
1325 1e-05
1326 1e-05
1327 1e-05
1328 1e-05
1329 1e-05
1330 1e-05
1331 1e-05
1332 1e-05
1333 1e-05
1334 1e-05
1335 1e-05
1336 1e-05
1337 1e-05
1338 1e-05
1339 1e-05
1340 1e-05
1341 1e-05
1342 1e-05
1343 1e-05
1344 1e-05
1345 1e-05
1346 1e-05
1347 1e-05
1348 1e-05
1349 1e-05
1350 1e-05
1351 1e-05
1352 1e-05
1353 1e-05
1354 1e-05
1355 1e-05
1356 1e-05
1357 1e-05
1358 1e-05
1359 1e-05
1360 1e-05
1361 1e-05
1362 1e-05
1363 1e-05
1364 1e-05
1365 1e-05
1366 1e-05
1367 1e-05
1368 1e-05
1369 1e-05
1370 1e-05
1371 1e-05
1372 1e-05
1373 1e-05
1374 1e-05
1375 1e-05
1376 1e-05
1377 1e-05
1378 1e-05
1379 1e-05
1380 1e-05
1381 1e-05
1382 1e-05
1383 1e-05
1384 1e-05
1385 1e-05
1386 1e-05
1387 1e-05
1388 1e-05
1389 1e-05
1390 1e-05
1391 1e-05
1392 1e-05
1393 1e-05
1394 1e-05
1395 1e-05
1396 1e-05
1397 1e-05
1398 1e-05
1399 1e-05
1400 1e-05
1401 1e-05
1402 1e-05
1403 1e-05
1404 1e-05
1405 1e-05
1406 1e-05
1407 1e-05
1408 1e-05
1409 1e-05
1410 1e-05
1411 1e-05
1412 1e-05
1413 1e-05
1414 1e-05
1415 1e-05
1416 1e-05
1417 1e-05
1418 1e-05
1419 1e-05
1420 1e-05
1421 1e-05
1422 1e-05
1423 1e-05
1424 1e-05
1425 1e-05
1426 1e-05
1427 1e-05
1428 1e-05
1429 1e-05
1430 1e-05
1431 1e-05
1432 1e-05
1433 1e-05
1434 1e-05
1435 1e-05
1436 1e-05
1437 1e-05
1438 1e-05
1439 1e-05
1440 1e-05
1441 1e-05
1442 1e-05
1443 1e-05
1444 1e-05
1445 1e-05
1446 1e-05
1447 1e-05
1448 1e-05
1449 1e-05
1450 1e-05
1451 1e-05
1452 1e-05
1453 1e-05
1454 1e-05
1455 1e-05
1456 1e-05
1457 1e-05
1458 1e-05
1459 1e-05
1460 1e-05
1461 1e-05
1462 1e-05
1463 1e-05
1464 1e-05
1465 1e-05
1466 1e-05
1467 1e-05
1468 1e-05
1469 1e-05
1470 1e-05
1471 1e-05
1472 1e-05
1473 1e-05
1474 1e-05
1475 1e-05
1476 1e-05
1477 1e-05
1478 1e-05
1479 1e-05
1480 1e-05
1481 1e-05
1482 1e-05
1483 1e-05
1484 1e-05
1485 1e-05
1486 1e-05
1487 1e-05
1488 1e-05
1489 1e-05
1490 1e-05
1491 1e-05
1492 1e-05
1493 1e-05
1494 1e-05
1495 1e-05
1496 1e-05
1497 1e-05
1498 1e-05
1499 1e-05
1500 1e-05
1501 1e-05
1502 1e-05
1503 1e-05
1504 1e-05
1505 1e-05
1506 1e-05
1507 1e-05
1508 1e-05
1509 1e-05
1510 1e-05
1511 1e-05
1512 1e-05
1513 1e-05
1514 1e-05
1515 1e-05
1516 1e-05
1517 1e-05
1518 1e-05
1519 1e-05
1520 1e-05
1521 1e-05
1522 1e-05
1523 1e-05
1524 1e-05
1525 1e-05
1526 1e-05
1527 1e-05
1528 1e-05
1529 1e-05
1530 1e-05
1531 1e-05
1532 1e-05
1533 1e-05
1534 1e-05
1535 1e-05
1536 1e-05
1537 1e-05
1538 1e-05
1539 1e-05
1540 1e-05
1541 1e-05
1542 1e-05
1543 1e-05
1544 1e-05
1545 1e-05
1546 1e-05
1547 1e-05
1548 1e-05
1549 1e-05
1550 1e-05
1551 1e-05
1552 1e-05
1553 1e-05
1554 1e-05
1555 1e-05
1556 1e-05
1557 1e-05
1558 1e-05
1559 1e-05
1560 1e-05
1561 1e-05
1562 1e-05
1563 1e-05
1564 1e-05
1565 1e-05
1566 1e-05
1567 1e-05
1568 1e-05
1569 1e-05
1570 1e-05
1571 1e-05
1572 1e-05
1573 1e-05
1574 1e-05
1575 1e-05
1576 1e-05
1577 1e-05
1578 1e-05
1579 1e-05
1580 1e-05
1581 1e-05
1582 1e-05
1583 1e-05
1584 1e-05
1585 1e-05
1586 1e-05
1587 1e-05
1588 1e-05
1589 1e-05
1590 1e-05
1591 1e-05
1592 1e-05
1593 1e-05
1594 1e-05
1595 1e-05
1596 1e-05
1597 1e-05
1598 1e-05
1599 1e-05
1600 1e-05
1601 1e-05
1602 1e-05
1603 1e-05
1604 1e-05
1605 1e-05
1606 1e-05
1607 1e-05
1608 1e-05
1609 1e-05
1610 1e-05
1611 1e-05
1612 1e-05
1613 1e-05
1614 1e-05
1615 1e-05
1616 1e-05
1617 1e-05
1618 1e-05
1619 1e-05
1620 1e-05
1621 1e-05
1622 1e-05
1623 1e-05
1624 1e-05
1625 1e-05
1626 1e-05
1627 1e-05
1628 1e-05
1629 1e-05
1630 1e-05
1631 1e-05
1632 1e-05
1633 1e-05
1634 1e-05
1635 1e-05
1636 1e-05
1637 1e-05
1638 1e-05
1639 1e-05
1640 1e-05
1641 1e-05
1642 1e-05
1643 1e-05
1644 1e-05
1645 1e-05
1646 1e-05
1647 1e-05
1648 1e-05
1649 1e-05
1650 1e-05
1651 1e-05
1652 1e-05
1653 1e-05
1654 1e-05
1655 1e-05
1656 1e-05
1657 1e-05
1658 1e-05
1659 1e-05
1660 1e-05
1661 1e-05
1662 1e-05
1663 1e-05
1664 1e-05
1665 1e-05
1666 1e-05
1667 1e-05
1668 1e-05
1669 1e-05
1670 1e-05
1671 1e-05
1672 1e-05
1673 1e-05
1674 1e-05
1675 1e-05
1676 1e-05
1677 1e-05
1678 1e-05
1679 1e-05
1680 1e-05
1681 1e-05
1682 1e-05
1683 1e-05
1684 1e-05
1685 1e-05
1686 1e-05
1687 1e-05
1688 1e-05
1689 1e-05
1690 1e-05
1691 1e-05
1692 1e-05
1693 1e-05
1694 1e-05
1695 1e-05
1696 1e-05
1697 1e-05
1698 1e-05
1699 1e-05
1700 1e-05
1701 1e-05
1702 1e-05
1703 1e-05
1704 1e-05
1705 1e-05
1706 1e-05
1707 1e-05
1708 1e-05
1709 1e-05
1710 1e-05
1711 1e-05
1712 1e-05
1713 1e-05
1714 1e-05
1715 1e-05
1716 1e-05
1717 1e-05
1718 1e-05
1719 1e-05
1720 1e-05
1721 1e-05
1722 1e-05
1723 1e-05
1724 1e-05
1725 1e-05
1726 1e-05
1727 1e-05
1728 1e-05
1729 1e-05
1730 1e-05
1731 1e-05
1732 1e-05
1733 1e-05
1734 1e-05
1735 1e-05
1736 1e-05
1737 1e-05
1738 1e-05
1739 1e-05
1740 1e-05
1741 1e-05
1742 1e-05
1743 1e-05
1744 1e-05
1745 1e-05
1746 1e-05
1747 1e-05
1748 1e-05
1749 1e-05
1750 1e-05
1751 1e-05
1752 1e-05
1753 1e-05
1754 1e-05
1755 1e-05
1756 1e-05
1757 1e-05
1758 1e-05
1759 1e-05
1760 1e-05
1761 1e-05
1762 1e-05
1763 1e-05
1764 1e-05
1765 1e-05
1766 1e-05
1767 1e-05
1768 1e-05
1769 1e-05
1770 1e-05
1771 1e-05
1772 1e-05
1773 1e-05
1774 1e-05
1775 1e-05
1776 1e-05
1777 1e-05
1778 1e-05
1779 1e-05
1780 1e-05
1781 1e-05
1782 1e-05
1783 1e-05
1784 1e-05
1785 1e-05
1786 1e-05
1787 1e-05
1788 1e-05
1789 1e-05
1790 1e-05
1791 1e-05
1792 1e-05
1793 1e-05
1794 1e-05
1795 1e-05
1796 1e-05
1797 1e-05
1798 1e-05
1799 1e-05
1800 1e-05
1801 1e-05
1802 1e-05
1803 1e-05
1804 1e-05
1805 1e-05
1806 1e-05
1807 1e-05
1808 1e-05
1809 1e-05
1810 1e-05
1811 1e-05
1812 1e-05
1813 1e-05
1814 1e-05
1815 1e-05
1816 1e-05
1817 1e-05
1818 1e-05
1819 1e-05
1820 1e-05
1821 1e-05
1822 1e-05
1823 1e-05
1824 1e-05
1825 1e-05
1826 1e-05
1827 1e-05
1828 1e-05
1829 1e-05
1830 1e-05
1831 1e-05
1832 1e-05
1833 1e-05
1834 1e-05
1835 1e-05
1836 1e-05
1837 1e-05
1838 1e-05
1839 1e-05
1840 1e-05
1841 1e-05
1842 1e-05
1843 1e-05
1844 1e-05
1845 1e-05
1846 1e-05
1847 1e-05
1848 1e-05
1849 1e-05
1850 1e-05
1851 1e-05
1852 1e-05
1853 1e-05
1854 1e-05
1855 1e-05
1856 1e-05
1857 1e-05
1858 1e-05
1859 1e-05
1860 1e-05
1861 1e-05
1862 1e-05
1863 1e-05
1864 1e-05
1865 1e-05
1866 1e-05
1867 1e-05
1868 1e-05
1869 1e-05
1870 1e-05
1871 1e-05
1872 1e-05
1873 1e-05
1874 1e-05
1875 1e-05
1876 1e-05
1877 1e-05
1878 1e-05
1879 1e-05
1880 1e-05
1881 1e-05
1882 1e-05
1883 1e-05
1884 1e-05
1885 1e-05
1886 1e-05
1887 1e-05
1888 1e-05
1889 1e-05
1890 1e-05
1891 1e-05
1892 1e-05
1893 1e-05
1894 1e-05
1895 1e-05
1896 1e-05
1897 1e-05
1898 1e-05
1899 1e-05
1900 1e-05
1901 1e-05
1902 1e-05
1903 1e-05
1904 1e-05
1905 1e-05
1906 1e-05
1907 1e-05
1908 1e-05
1909 1e-05
1910 1e-05
1911 1e-05
1912 1e-05
1913 1e-05
1914 1e-05
1915 1e-05
1916 1e-05
1917 1e-05
1918 1e-05
1919 1e-05
1920 1e-05
1921 1e-05
1922 1e-05
1923 1e-05
1924 1e-05
1925 1e-05
1926 1e-05
1927 1e-05
1928 1e-05
1929 1e-05
1930 1e-05
1931 1e-05
1932 1e-05
1933 1e-05
1934 1e-05
1935 1e-05
1936 1e-05
1937 1e-05
1938 1e-05
1939 1e-05
1940 1e-05
1941 1e-05
1942 1e-05
1943 1e-05
1944 1e-05
1945 1e-05
1946 1e-05
1947 1e-05
1948 1e-05
1949 1e-05
1950 1e-05
1951 1e-05
1952 1e-05
1953 1e-05
1954 1e-05
1955 1e-05
1956 1e-05
1957 1e-05
1958 1e-05
1959 1e-05
1960 1e-05
1961 1e-05
1962 1e-05
1963 1e-05
1964 1e-05
1965 1e-05
1966 1e-05
1967 1e-05
1968 1e-05
1969 1e-05
1970 1e-05
1971 1e-05
1972 1e-05
1973 1e-05
1974 1e-05
1975 1e-05
1976 1e-05
1977 1e-05
1978 1e-05
1979 1e-05
1980 1e-05
1981 1e-05
1982 1e-05
1983 1e-05
1984 1e-05
1985 1e-05
1986 1e-05
1987 1e-05
1988 1e-05
1989 1e-05
1990 1e-05
1991 1e-05
1992 1e-05
1993 1e-05
1994 1e-05
1995 1e-05
1996 1e-05
1997 1e-05
1998 1e-05
1999 1e-05
2000 1e-05
2001 1e-05
2002 1e-05
2003 1e-05
2004 1e-05
2005 1e-05
2006 1e-05
2007 1e-05
2008 1e-05
2009 1e-05
2010 1e-05
2011 1e-05
2012 1e-05
2013 1e-05
2014 1e-05
2015 1e-05
2016 1e-05
2017 1e-05
2018 1e-05
2019 1e-05
2020 1e-05
2021 1e-05
2022 1e-05
2023 1e-05
2024 1e-05
2025 1e-05
2026 1e-05
2027 1e-05
2028 1e-05
2029 1e-05
2030 1e-05
2031 1e-05
2032 1e-05
2033 1e-05
2034 1e-05
2035 1e-05
2036 1e-05
2037 1e-05
2038 1e-05
2039 1e-05
2040 1e-05
2041 1e-05
2042 1e-05
2043 1e-05
2044 1e-05
2045 1e-05
2046 1e-05
2047 1e-05
2048 1e-05
2049 1e-05
2050 1e-05
2051 1e-05
2052 1e-05
2053 1e-05
2054 1e-05
2055 1e-05
2056 1e-05
2057 1e-05
2058 1e-05
2059 1e-05
2060 1e-05
2061 1e-05
2062 1e-05
2063 1e-05
2064 1e-05
2065 1e-05
2066 1e-05
2067 1e-05
2068 1e-05
2069 1e-05
2070 1e-05
2071 1e-05
2072 1e-05
2073 1e-05
2074 1e-05
2075 1e-05
2076 1e-05
2077 1e-05
2078 1e-05
2079 1e-05
2080 1e-05
2081 1e-05
2082 1e-05
2083 1e-05
2084 1e-05
2085 1e-05
2086 1e-05
2087 1e-05
2088 1e-05
2089 1e-05
2090 1e-05
2091 1e-05
2092 1e-05
2093 1e-05
2094 1e-05
2095 1e-05
2096 1e-05
2097 1e-05
2098 1e-05
2099 1e-05
2100 1e-05
2101 1e-05
2102 1e-05
2103 1e-05
2104 1e-05
2105 1e-05
2106 1e-05
2107 1e-05
2108 1e-05
2109 1e-05
2110 1e-05
2111 1e-05
2112 1e-05
2113 1e-05
2114 1e-05
2115 1e-05
2116 1e-05
2117 1e-05
2118 1e-05
2119 1e-05
2120 1e-05
2121 1e-05
2122 1e-05
2123 1e-05
2124 1e-05
2125 1e-05
2126 1e-05
2127 1e-05
2128 1e-05
2129 1e-05
2130 1e-05
2131 1e-05
2132 1e-05
2133 1e-05
2134 1e-05
2135 1e-05
2136 1e-05
2137 1e-05
2138 1e-05
2139 1e-05
2140 1e-05
2141 1e-05
2142 1e-05
2143 1e-05
2144 1e-05
2145 1e-05
2146 1e-05
2147 1e-05
2148 1e-05
2149 1e-05
2150 1e-05
2151 1e-05
2152 1e-05
2153 1e-05
2154 1e-05
2155 1e-05
2156 1e-05
2157 1e-05
2158 1e-05
2159 1e-05
2160 1e-05
2161 1e-05
2162 1e-05
2163 1e-05
2164 1e-05
2165 1e-05
2166 1e-05
2167 1e-05
2168 1e-05
2169 1e-05
2170 1e-05
2171 1e-05
2172 1e-05
2173 1e-05
2174 1e-05
2175 1e-05
2176 1e-05
2177 1e-05
2178 1e-05
2179 1e-05
2180 1e-05
2181 1e-05
2182 1e-05
2183 1e-05
2184 1e-05
2185 1e-05
2186 1e-05
2187 1e-05
2188 1e-05
2189 1e-05
2190 1e-05
