0 285120
1 285120
2 285120
3 285120
4 285120
5 285120
6 285120
7 285120
8 285120
9 285120
10 285120
11 285120
12 285120
13 285120
14 285120
15 285120
16 285120
17 285120
18 285120
19 285120
20 285120
21 285120
22 285120
23 285120
24 285120
25 285120
26 285120
27 285120
28 285120
29 285120
30 285120
31 285120
32 285120
33 673920
34 673920
35 285120
36 285120
37 285120
38 285120
39 285120
40 285120
41 285120
42 285120
43 285120
44 285120
45 285120
46 285120
47 285120
48 285120
49 285120
50 285120
51 285120
52 285120
53 285120
54 285120
55 285120
56 285120
57 285120
58 285120
59 285120
60 285120
61 673920
62 673920
63 673920
64 285120
65 285120
66 285120
67 285120
68 285120
69 285120
70 285120
71 285120
72 285120
73 285120
74 285120
75 285120
76 285120
77 673920
78 673920
79 285120
80 285120
81 285120
82 285120
83 285120
84 285120
85 285120
86 285120
87 285120
88 285120
89 673920
90 673920
91 673920
92 285120
93 285120
94 285120
95 285120
96 673920
97 285120
98 285120
99 1e-05
100 1e-05
101 388800
102 1e-05
103 388800
104 190080
105 190080
106 190080
107 190080
108 190080
109 190080
110 190080
111 190080
112 190080
113 190080
114 190080
115 190080
116 190080
117 190080
118 190080
119 95040
120 95040
121 95040
122 95040
123 95040
124 95040
125 95040
126 95040
127 95040
128 95040
129 95040
130 95040
131 95040
132 95040
133 95040
134 95040
135 95040
136 95040
137 95040
138 95040
139 95040
140 95040
141 95040
142 95040
143 95040
144 95040
145 95040
146 95040
147 95040
148 95040
149 95040
150 95040
151 95040
152 95040
153 95040
154 388800
155 388800
156 388800
157 388800
158 388800
159 388800
160 388800
161 388800
162 388800
163 388800
164 388800
165 388800
166 388800
167 388800
168 388800
169 388800
170 388800
171 388800
172 388800
173 388800
174 388800
175 388800
176 388800
177 388800
178 388800
179 388800
180 388800
181 388800
182 388800
183 388800
184 388800
185 388800
186 388800
187 388800
188 388800
189 388800
190 388800
191 388800
192 388800
193 388800
194 388800
195 388800
196 388800
197 388800
198 388800
199 388800
200 388800
201 190080
202 190080
203 190080
204 190080
205 190080
206 190080
207 190080
208 190080
209 190080
210 190080
211 190080
212 190080
213 190080
214 190080
215 190080
216 190080
217 190080
218 190080
219 190080
220 190080
221 190080
222 578880
223 578880
224 578880
225 578880
226 190080
227 190080
228 190080
229 190080
230 190080
231 578880
232 578880
233 578880
234 190080
235 190080
236 190080
237 190080
238 190080
239 190080
240 190080
241 190080
242 190080
243 578880
244 578880
245 578880
246 578880
247 578880
248 190080
249 190080
250 190080
251 190080
252 190080
253 190080
254 959040
255 959040
256 578880
257 578880
258 578880
259 578880
260 959040
261 959040
262 578880
263 578880
264 578880
265 578880
266 578880
267 578880
268 578880
269 578880
270 578880
271 578880
272 578880
273 578880
274 190080
275 190080
276 190080
277 190080
278 190080
279 190080
280 190080
281 190080
282 190080
283 190080
284 190080
285 190080
286 190080
287 190080
288 190080
289 190080
290 190080
291 190080
292 95040
293 95040
294 95040
295 95040
296 95040
297 95040
298 95040
299 95040
300 95040
301 95040
302 95040
303 95040
304 95040
305 95040
306 95040
307 95040
308 95040
309 95040
310 95040
311 95040
312 95040
313 95040
314 95040
315 95040
316 95040
317 95040
318 95040
319 95040
320 95040
321 95040
322 95040
323 95040
324 95040
325 95040
326 95040
327 95040
328 95040
329 95040
330 95040
331 95040
332 95040
333 95040
334 95040
335 95040
336 95040
337 95040
338 95040
339 95040
340 1e-05
341 1e-05
342 1e-05
343 285120
344 285120
345 285120
346 285120
347 285120
348 285120
349 285120
350 285120
351 285120
352 285120
353 285120
354 285120
355 285120
356 285120
357 285120
358 285120
359 285120
360 285120
361 285120
362 285120
363 285120
364 285120
365 388800
366 388800
367 388800
368 388800
369 388800
370 388800
371 388800
372 388800
373 388800
374 388800
375 388800
376 388800
377 388800
378 388800
379 388800
380 388800
381 388800
382 388800
383 388800
384 388800
385 388800
386 388800
387 388800
388 388800
389 388800
390 388800
391 388800
392 388800
393 388800
394 388800
395 388800
396 388800
397 388800
398 388800
399 388800
400 388800
401 388800
402 388800
403 388800
404 388800
405 388800
406 388800
407 388800
408 388800
409 388800
410 388800
411 388800
412 388800
413 388800
414 388800
415 388800
416 388800
417 388800
418 388800
419 388800
420 388800
421 388800
422 388800
423 388800
424 388800
425 388800
426 388800
427 388800
428 388800
429 388800
430 388800
431 388800
432 388800
433 388800
434 388800
435 388800
436 388800
437 388800
438 388800
439 388800
440 388800
441 388800
442 388800
443 388800
444 388800
445 388800
446 388800
447 388800
448 388800
449 388800
450 388800
451 388800
452 388800
453 388800
454 388800
455 388800
456 388800
457 388800
458 388800
459 388800
460 388800
461 388800
462 388800
463 388800
464 388800
465 388800
466 388800
467 388800
468 388800
469 388800
470 388800
471 388800
472 388800
473 388800
474 388800
475 388800
476 483840
477 483840
478 483840
479 483840
480 483840
481 483840
482 483840
483 483840
484 483840
485 483840
486 483840
487 483840
488 388800
489 388800
490 388800
491 388800
492 388800
493 388800
494 388800
495 388800
496 388800
497 388800
498 388800
499 483840
500 483840
501 483840
502 483840
503 483840
504 483840
505 483840
506 483840
507 483840
508 483840
509 483840
510 483840
511 483840
512 483840
513 483840
514 483840
515 483840
516 483840
517 483840
518 864000
519 864000
520 864000
521 864000
522 864000
523 864000
524 864000
525 864000
526 864000
527 864000
528 864000
529 864000
530 864000
531 864000
532 1252800
533 1252800
534 1252800
535 1252800
536 1252800
537 1252800
538 1252800
539 1252800
540 1252800
541 1252800
542 1252800
543 1252800
544 1252800
545 864000
546 864000
547 864000
548 864000
549 864000
550 864000
551 864000
552 1252800
553 1252800
554 1252800
555 1252800
556 1252800
557 1252800
558 1252800
559 1252800
560 1252800
561 1252800
562 1252800
563 1252800
564 1252800
565 1252800
566 1252800
567 1252800
568 1252800
569 1252800
570 1252800
571 1252800
572 864000
573 864000
574 864000
575 864000
576 864000
577 864000
578 864000
579 864000
580 864000
581 864000
582 864000
583 864000
584 864000
585 864000
586 388800
587 388800
588 388800
589 388800
590 388800
591 388800
592 388800
593 388800
594 388800
595 388800
596 388800
597 388800
598 388800
599 388800
600 388800
601 388800
602 1157760
603 1157760
604 1157760
605 1157760
606 1157760
607 388800
608 388800
609 388800
610 388800
611 388800
612 388800
613 388800
614 388800
615 388800
616 388800
617 388800
618 388800
619 388800
620 388800
621 864000
622 864000
623 864000
624 864000
625 864000
626 864000
627 864000
628 864000
629 864000
630 864000
631 864000
632 864000
633 864000
634 864000
635 864000
636 768960
637 768960
638 768960
639 768960
640 768960
641 768960
642 768960
643 768960
644 768960
645 768960
646 768960
647 768960
648 768960
649 768960
650 380160
651 380160
652 380160
653 380160
654 380160
655 380160
656 578880
657 578880
658 578880
659 578880
660 959040
661 959040
662 959040
663 959040
664 959040
665 959040
666 959040
667 959040
668 578880
669 578880
670 578880
671 578880
672 578880
673 578880
674 578880
675 578880
676 578880
677 578880
678 578880
679 578880
680 578880
681 578880
682 578880
683 578880
684 959040
685 959040
686 959040
687 959040
688 959040
689 959040
690 959040
691 578880
692 578880
693 578880
694 578880
695 578880
696 578880
697 578880
698 578880
699 578880
700 578880
701 578880
702 578880
703 578880
704 578880
705 578880
706 578880
707 578880
708 578880
709 578880
710 578880
711 578880
712 959040
713 959040
714 959040
715 959040
716 959040
717 959040
718 959040
719 578880
720 959040
721 959040
722 959040
723 959040
724 959040
725 959040
726 959040
727 959040
728 959040
729 959040
730 959040
731 959040
732 959040
733 959040
734 959040
735 578880
736 578880
737 578880
738 578880
739 578880
740 578880
741 578880
742 578880
743 578880
744 578880
745 578880
746 578880
747 578880
748 578880
749 483840
750 483840
751 483840
752 483840
753 483840
754 483840
755 483840
756 483840
757 483840
758 483840
759 483840
760 483840
761 483840
762 483840
763 483840
764 483840
765 483840
766 483840
767 483840
768 483840
769 483840
770 483840
771 483840
772 483840
773 483840
774 483840
775 483840
776 483840
777 483840
778 483840
779 483840
780 483840
781 483840
782 483840
783 483840
784 483840
785 483840
786 483840
787 483840
788 483840
789 483840
790 483840
791 483840
792 483840
793 483840
794 483840
795 483840
796 483840
797 483840
798 483840
799 483840
800 483840
801 483840
802 483840
803 483840
804 483840
805 483840
806 483840
807 483840
808 483840
809 483840
810 483840
811 483840
812 483840
813 483840
814 483840
815 483840
816 483840
817 483840
818 483840
819 483840
820 483840
821 483840
822 483840
823 483840
824 483840
825 483840
826 483840
827 483840
828 483840
829 483840
830 483840
831 483840
832 483840
833 483840
834 483840
835 483840
836 483840
837 483840
838 483840
839 483840
840 483840
841 483840
842 483840
843 483840
844 483840
845 483840
846 483840
847 483840
848 483840
849 483840
850 483840
851 483840
852 483840
853 483840
854 483840
855 483840
856 483840
857 483840
858 483840
859 483840
860 483840
861 483840
862 483840
863 483840
864 483840
865 483840
866 483840
867 483840
868 483840
869 483840
870 483840
871 483840
872 483840
873 483840
874 483840
875 483840
876 483840
877 483840
878 483840
879 483840
880 483840
881 673920
882 673920
883 673920
884 673920
885 673920
886 673920
887 673920
888 673920
889 673920
890 673920
891 673920
892 673920
893 673920
894 673920
895 673920
896 673920
897 673920
898 673920
899 673920
900 673920
901 1062720
902 1062720
903 1062720
904 1062720
905 1062720
906 1062720
907 1062720
908 1062720
909 1062720
910 1062720
911 1062720
912 1062720
913 1062720
914 1062720
915 1062720
916 1062720
917 1062720
918 1062720
919 1062720
920 1062720
921 1062720
922 1062720
923 1062720
924 1062720
925 1062720
926 1062720
927 1062720
928 1062720
929 1062720
930 1062720
931 1062720
932 1062720
933 1062720
934 1062720
935 1062720
936 1062720
937 1062720
938 1062720
939 1062720
940 1062720
941 1062720
942 1062720
943 1062720
944 1062720
945 1062720
946 1062720
947 1062720
948 1062720
949 1062720
950 1062720
951 1062720
952 1062720
953 1062720
954 1062720
955 1062720
956 1062720
957 673920
958 673920
959 673920
960 673920
961 673920
962 673920
963 673920
964 673920
965 673920
966 673920
967 673920
968 673920
969 673920
970 673920
971 673920
972 673920
973 285120
974 285120
975 285120
976 285120
977 285120
978 285120
979 285120
980 285120
981 285120
982 285120
983 285120
984 285120
985 285120
986 285120
987 285120
988 285120
989 285120
990 285120
991 285120
992 285120
993 285120
994 673920
995 673920
996 673920
997 673920
998 673920
999 673920
1000 673920
1001 673920
1002 673920
1003 285120
1004 285120
1005 285120
1006 285120
1007 285120
1008 285120
1009 285120
1010 285120
1011 285120
1012 285120
1013 285120
1014 285120
1015 285120
1016 285120
1017 285120
1018 285120
1019 285120
1020 285120
1021 285120
1022 285120
1023 345600
1024 630720
1025 630720
1026 630720
1027 630720
1028 630720
1029 630720
1030 630720
1031 630720
1032 630720
1033 630720
1034 172800
1035 172800
1036 172800
1037 172800
1038 172800
1039 172800
1040 172800
1041 172800
1042 172800
1043 172800
1044 172800
1045 172800
1046 172800
1047 172800
1048 172800
1049 172800
1050 172800
1051 172800
1052 172800
1053 172800
1054 172800
1055 172800
1056 172800
1057 172800
1058 172800
1059 172800
1060 172800
1061 172800
1062 172800
1063 172800
1064 172800
1065 172800
1066 172800
1067 172800
1068 172800
1069 172800
1070 172800
1071 172800
1072 172800
1073 172800
1074 172800
1075 172800
1076 172800
1077 172800
1078 172800
1079 172800
1080 172800
1081 172800
1082 172800
1083 172800
1084 172800
1085 172800
1086 172800
1087 172800
1088 172800
1089 172800
1090 172800
1091 172800
1092 172800
1093 172800
1094 172800
1095 17280
1096 17280
1097 17280
1098 17280
1099 17280
1100 17280
1101 17280
1102 17280
1103 17280
1104 17280
1105 17280
1106 17280
1107 17280
1108 17280
1109 17280
1110 17280
1111 17280
1112 17280
1113 17280
1114 17280
1115 17280
1116 17280
1117 17280
1118 17280
1119 17280
1120 17280
1121 17280
1122 17280
1123 17280
1124 17280
1125 17280
1126 17280
1127 17280
1128 17280
1129 17280
1130 17280
1131 17280
1132 17280
1133 17280
1134 17280
1135 17280
1136 17280
1137 1e-05
1138 1e-05
1139 1e-05
1140 1e-05
1141 1e-05
1142 1e-05
1143 1e-05
1144 1e-05
1145 1e-05
1146 17280
1147 17280
1148 17280
1149 17280
1150 17280
1151 1e-05
1152 1e-05
1153 1e-05
1154 1e-05
1155 1e-05
1156 1e-05
1157 1e-05
1158 1e-05
1159 1e-05
1160 1e-05
1161 1e-05
1162 1e-05
1163 1e-05
1164 1e-05
1165 1e-05
1166 1e-05
1167 17280
1168 17280
1169 17280
1170 17280
1171 17280
1172 17280
1173 17280
1174 17280
1175 17280
1176 17280
1177 17280
1178 17280
1179 17280
1180 17280
1181 17280
1182 17280
1183 17280
1184 17280
1185 17280
1186 17280
1187 17280
1188 17280
1189 17280
1190 17280
1191 17280
1192 17280
1193 17280
1194 17280
1195 17280
1196 17280
1197 17280
1198 17280
1199 17280
1200 17280
1201 17280
1202 17280
1203 17280
1204 17280
1205 17280
1206 17280
1207 17280
1208 17280
1209 17280
1210 17280
1211 17280
1212 17280
1213 17280
1214 17280
1215 17280
1216 17280
1217 17280
1218 17280
1219 17280
1220 17280
1221 17280
1222 17280
1223 17280
1224 17280
1225 17280
1226 17280
1227 17280
1228 17280
1229 17280
1230 17280
1231 17280
1232 17280
1233 17280
1234 17280
1235 17280
1236 17280
1237 17280
1238 17280
1239 17280
1240 17280
1241 17280
1242 17280
1243 17280
1244 17280
1245 17280
1246 17280
1247 8640
1248 8640
1249 8640
1250 8640
1251 8640
1252 8640
1253 8640
1254 8640
1255 8640
1256 8640
1257 8640
1258 8640
1259 8640
1260 8640
1261 8640
1262 8640
1263 8640
1264 8640
1265 8640
1266 8640
1267 8640
1268 8640
1269 8640
1270 8640
1271 8640
1272 8640
1273 8640
1274 8640
1275 8640
1276 8640
1277 8640
1278 8640
1279 8640
1280 8640
1281 8640
1282 8640
1283 8640
1284 8640
1285 8640
1286 8640
1287 8640
1288 8640
1289 8640
1290 8640
1291 8640
1292 8640
1293 8640
1294 8640
1295 8640
1296 8640
1297 8640
1298 8640
1299 8640
1300 8640
1301 8640
1302 8640
1303 8640
1304 8640
1305 8640
1306 8640
1307 8640
1308 8640
1309 8640
1310 8640
1311 8640
1312 8640
1313 8640
1314 8640
1315 8640
1316 8640
1317 8640
1318 8640
1319 8640
1320 8640
1321 8640
1322 8640
1323 8640
1324 8640
1325 8640
1326 8640
1327 8640
1328 8640
1329 8640
1330 8640
1331 8640
1332 8640
1333 8640
1334 8640
1335 8640
1336 8640
1337 8640
1338 8640
1339 8640
1340 8640
1341 8640
1342 8640
1343 8640
1344 8640
1345 8640
1346 8640
1347 8640
1348 8640
1349 8640
1350 8640
1351 8640
1352 8640
1353 8640
1354 8640
1355 8640
1356 8640
1357 8640
1358 8640
1359 8640
1360 8640
1361 8640
1362 8640
1363 8640
1364 8640
1365 8640
1366 8640
1367 8640
1368 8640
1369 8640
1370 8640
1371 8640
1372 8640
1373 8640
1374 8640
1375 8640
1376 8640
1377 8640
1378 8640
1379 8640
1380 8640
1381 8640
1382 8640
1383 8640
1384 8640
1385 8640
1386 8640
1387 8640
1388 8640
1389 8640
1390 8640
1391 8640
1392 8640
1393 8640
1394 8640
1395 8640
1396 8640
1397 8640
1398 8640
1399 8640
1400 8640
1401 8640
1402 8640
1403 8640
1404 8640
1405 8640
1406 8640
1407 8640
1408 8640
1409 8640
1410 8640
1411 8640
1412 8640
1413 8640
1414 8640
1415 8640
1416 8640
1417 8640
1418 8640
1419 8640
1420 8640
1421 8640
1422 8640
1423 8640
1424 8640
1425 8640
1426 8640
1427 8640
1428 8640
1429 8640
1430 8640
1431 8640
1432 8640
1433 8640
1434 8640
1435 8640
1436 8640
1437 8640
1438 8640
1439 8640
1440 8640
1441 8640
1442 8640
1443 8640
1444 8640
1445 8640
1446 8640
1447 8640
1448 8640
1449 8640
1450 8640
1451 8640
1452 8640
1453 8640
1454 8640
1455 8640
1456 8640
1457 8640
1458 8640
1459 8640
1460 8640
1461 8640
1462 8640
1463 8640
1464 8640
1465 8640
1466 1e-05
1467 1e-05
1468 8640
1469 8640
1470 8640
1471 8640
1472 8640
1473 1e-05
1474 1e-05
1475 8640
1476 8640
1477 8640
1478 8640
1479 8640
1480 1e-05
1481 1e-05
1482 8640
1483 8640
1484 8640
1485 8640
1486 8640
1487 1e-05
1488 1e-05
1489 8640
1490 8640
1491 8640
1492 8640
1493 8640
1494 1e-05
1495 1e-05
1496 8640
1497 8640
1498 8640
1499 8640
1500 8640
1501 1e-05
1502 1e-05
1503 8640
1504 8640
1505 8640
1506 8640
1507 8640
1508 1e-05
1509 1e-05
1510 8640
1511 8640
1512 8640
1513 1e-05
1514 8640
1515 1e-05
1516 1e-05
1517 8640
1518 8640
1519 8640
1520 8640
1521 8640
1522 1e-05
1523 1e-05
1524 8640
1525 8640
1526 8640
1527 8640
1528 8640
1529 1e-05
1530 1e-05
1531 8640
1532 8640
1533 8640
1534 8640
1535 8640
1536 1e-05
1537 1e-05
1538 8640
1539 8640
1540 8640
1541 8640
1542 8640
1543 1e-05
1544 1e-05
1545 1e-05
1546 1e-05
1547 1e-05
1548 1e-05
1549 1e-05
1550 1e-05
1551 1e-05
1552 8640
1553 1e-05
1554 8640
1555 8640
1556 8640
1557 1e-05
1558 1e-05
1559 8640
1560 8640
1561 8640
1562 8640
1563 8640
1564 1e-05
1565 1e-05
1566 8640
1567 8640
1568 8640
1569 8640
1570 8640
1571 1e-05
1572 1e-05
1573 8640
1574 8640
1575 8640
1576 8640
1577 8640
1578 1e-05
1579 1e-05
1580 8640
1581 8640
1582 8640
1583 8640
1584 8640
1585 1e-05
1586 1e-05
1587 8640
1588 8640
1589 8640
1590 8640
1591 8640
1592 1e-05
1593 1e-05
1594 8640
1595 8640
1596 8640
1597 8640
1598 8640
1599 1e-05
1600 1e-05
1601 8640
1602 8640
1603 8640
1604 8640
1605 8640
1606 1e-05
1607 1e-05
1608 8640
1609 8640
1610 8640
1611 8640
1612 233280
1613 233280
1614 233280
1615 233280
1616 233280
1617 233280
1618 233280
1619 233280
1620 233280
1621 233280
1622 233280
1623 233280
1624 233280
1625 233280
1626 233280
1627 233280
1628 233280
1629 233280
1630 233280
1631 233280
1632 233280
1633 233280
1634 233280
1635 233280
1636 233280
1637 233280
1638 233280
1639 233280
1640 233280
1641 233280
1642 233280
1643 233280
1644 233280
1645 233280
1646 233280
1647 233280
1648 233280
1649 233280
1650 233280
1651 233280
1652 233280
1653 233280
1654 233280
1655 233280
1656 233280
1657 233280
1658 233280
1659 233280
1660 233280
1661 233280
1662 233280
1663 233280
1664 233280
1665 233280
1666 233280
1667 233280
1668 233280
1669 233280
1670 233280
1671 233280
1672 233280
1673 233280
1674 233280
1675 233280
1676 233280
1677 233280
1678 233280
1679 233280
1680 233280
1681 233280
1682 233280
1683 233280
1684 233280
1685 233280
1686 233280
1687 233280
1688 233280
1689 233280
1690 233280
1691 233280
1692 233280
1693 233280
1694 233280
1695 233280
1696 233280
1697 233280
1698 233280
1699 233280
1700 233280
1701 233280
1702 233280
1703 233280
1704 233280
1705 233280
1706 233280
1707 233280
1708 233280
1709 233280
1710 233280
1711 233280
1712 233280
1713 233280
1714 233280
1715 233280
1716 233280
1717 233280
1718 233280
1719 233280
1720 233280
1721 233280
1722 233280
1723 233280
1724 233280
1725 233280
1726 233280
1727 233280
1728 233280
1729 233280
1730 233280
1731 233280
1732 233280
1733 233280
1734 241920
1735 241920
1736 241920
1737 241920
1738 241920
1739 241920
1740 241920
1741 241920
1742 241920
1743 241920
1744 241920
1745 241920
1746 241920
1747 241920
1748 241920
1749 241920
1750 241920
1751 241920
1752 241920
1753 241920
1754 241920
1755 241920
1756 241920
1757 241920
1758 241920
1759 241920
1760 241920
1761 241920
1762 241920
1763 241920
1764 241920
1765 8640
1766 8640
1767 8640
1768 8640
1769 8640
1770 8640
1771 8640
1772 8640
1773 8640
1774 8640
1775 8640
1776 8640
1777 8640
1778 8640
1779 8640
1780 8640
1781 8640
1782 8640
1783 8640
1784 8640
1785 8640
1786 8640
1787 8640
1788 8640
1789 8640
1790 8640
1791 8640
1792 120960
1793 120960
1794 241920
1795 241920
1796 241920
1797 241920
1798 129600
1799 129600
1800 129600
1801 129600
1802 241920
1803 8640
1804 8640
1805 129600
1806 345600
1807 345600
1808 466560
1809 466560
1810 466560
1811 466560
1812 466560
1813 466560
1814 466560
1815 466560
1816 466560
1817 466560
1818 466560
1819 466560
1820 466560
1821 466560
1822 233280
1823 233280
1824 233280
1825 233280
1826 371520
1827 509760
1828 509760
1829 509760
1830 509760
1831 509760
1832 509760
1833 509760
1834 509760
1835 509760
1836 509760
1837 509760
1838 509760
1839 509760
1840 509760
1841 509760
1842 509760
1843 509760
1844 509760
1845 509760
1846 509760
1847 656640
1848 812160
1849 812160
1850 812160
1851 812160
1852 812160
1853 812160
1854 812160
1855 812160
1856 812160
1857 812160
1858 812160
1859 812160
1860 596160
1861 457920
1862 457920
1863 457920
1864 457920
1865 457920
1866 457920
1867 457920
1868 457920
1869 457920
1870 95040
1871 95040
1872 95040
1873 95040
1874 95040
1875 95040
1876 95040
1877 95040
1878 95040
1879 95040
1880 95040
1881 95040
1882 95040
1883 95040
1884 95040
1885 95040
1886 95040
1887 95040
1888 95040
1889 95040
1890 95040
1891 95040
1892 95040
1893 95040
1894 95040
1895 95040
1896 95040
1897 95040
1898 95040
1899 95040
1900 95040
1901 95040
1902 95040
1903 95040
1904 95040
1905 95040
1906 388800
1907 587520
1908 587520
1909 95040
1910 95040
1911 95040
1912 95040
1913 95040
1914 95040
1915 95040
1916 95040
1917 95040
1918 8640
1919 8640
1920 8640
1921 8640
1922 8640
1923 8640
1924 8640
1925 8640
1926 8640
1927 8640
1928 8640
1929 8640
1930 8640
1931 8640
1932 8640
1933 8640
1934 8640
1935 8640
1936 8640
1937 8640
1938 8640
1939 8640
1940 8640
1941 8640
1942 8640
1943 8640
1944 8640
1945 8640
1946 8640
1947 8640
1948 8640
1949 8640
1950 8640
1951 8640
1952 8640
1953 8640
1954 8640
1955 8640
1956 8640
1957 8640
1958 8640
1959 8640
1960 8640
1961 8640
1962 8640
1963 8640
1964 8640
1965 8640
1966 103680
1967 311040
1968 311040
1969 311040
1970 8640
1971 8640
1972 8640
1973 8640
1974 8640
1975 8640
1976 8640
1977 8640
1978 8640
1979 8640
1980 8640
1981 8640
1982 8640
1983 8640
1984 8640
1985 8640
1986 8640
1987 8640
1988 8640
1989 8640
1990 8640
1991 8640
1992 8640
1993 8640
1994 8640
1995 8640
1996 8640
1997 8640
1998 8640
1999 8640
2000 8640
2001 8640
2002 8640
2003 8640
2004 8640
2005 8640
2006 8640
2007 8640
2008 8640
2009 8640
2010 8640
2011 8640
2012 8640
2013 8640
2014 8640
2015 8640
2016 8640
2017 8640
2018 8640
2019 8640
2020 8640
2021 8640
2022 8640
2023 8640
2024 8640
2025 8640
2026 8640
2027 8640
2028 8640
2029 8640
2030 8640
2031 8640
2032 8640
2033 8640
2034 8640
2035 8640
2036 8640
2037 8640
2038 8640
2039 8640
2040 8640
2041 8640
2042 8640
2043 8640
2044 8640
2045 8640
2046 8640
2047 8640
2048 8640
2049 8640
2050 8640
2051 8640
2052 8640
2053 8640
2054 8640
2055 8640
2056 8640
2057 8640
2058 8640
2059 8640
2060 8640
2061 8640
2062 8640
2063 8640
2064 8640
2065 8640
2066 8640
2067 8640
2068 8640
2069 8640
2070 8640
2071 8640
2072 8640
2073 8640
2074 8640
2075 8640
2076 8640
2077 8640
2078 8640
2079 8640
2080 8640
2081 8640
2082 8640
2083 8640
2084 8640
2085 8640
2086 8640
2087 8640
2088 8640
2089 8640
2090 8640
2091 8640
2092 8640
2093 8640
2094 8640
2095 8640
2096 8640
2097 8640
2098 8640
2099 8640
2100 8640
2101 8640
2102 8640
2103 8640
2104 8640
2105 8640
2106 8640
2107 8640
2108 8640
2109 8640
2110 8640
2111 8640
2112 8640
2113 8640
2114 8640
2115 8640
2116 8640
2117 8640
2118 8640
2119 8640
2120 8640
2121 8640
2122 8640
2123 8640
2124 8640
2125 8640
2126 8640
2127 8640
2128 8640
2129 8640
2130 8640
2131 8640
2132 8640
2133 8640
2134 8640
2135 8640
2136 8640
2137 8640
2138 8640
2139 8640
2140 8640
2141 8640
2142 8640
2143 8640
2144 8640
2145 8640
2146 8640
2147 8640
2148 8640
2149 8640
2150 8640
2151 8640
2152 8640
2153 8640
2154 8640
2155 8640
2156 8640
2157 8640
2158 8640
2159 8640
2160 8640
2161 241920
2162 241920
2163 120960
2164 120960
2165 120960
2166 120960
2167 241920
2168 8640
2169 8640
2170 120960
2171 345600
2172 345600
2173 457920
2174 457920
2175 457920
2176 457920
2177 457920
2178 457920
2179 457920
2180 457920
2181 457920
2182 457920
2183 457920
2184 457920
2185 457920
2186 457920
2187 233280
2188 1e-05
2189 233280
2190 233280
