0	129600
1	129600
2	129600
3	129600
4	129600
5	129600
6	129600
7	129600
8	129600
9	129600
10	129600
11	129600
12	129600
13	129600
14	129600
15	129600
16	129600
17	129600
18	129600
19	129600
20	129600
21	129600
22	129600
23	129600
24	129600
25	129600
26	129600
27	129600
28	129600
29	129600
30	129600
31	129600
32	129600
33	129600
34	129600
35	129600
36	129600
37	129600
38	129600
39	129600
40	129600
41	129600
42	129600
43	129600
44	129600
45	129600
46	129600
47	129600
48	129600
49	129600
50	129600
51	129600
52	129600
53	129600
54	129600
55	129600
56	129600
57	129600
58	129600
59	129600
60	129600
61	129600
62	129600
63	129600
64	129600
65	129600
66	129600
67	129600
68	129600
69	129600
70	129600
71	129600
72	129600
73	129600
74	129600
75	129600
76	129600
77	129600
78	129600
79	129600
80	129600
81	129600
82	129600
83	129600
84	129600
85	129600
86	129600
87	129600
88	129600
89	129600
90	129600
91	129600
92	0.00003
93	0.00003
94	0.00003
95	0.00003
96	0.00003
97	0.00003
98	0.00003
99	0.00003
100	0.00003
101	0.00003
102	0.00003
103	0.00003
104	0.00003
105	0.00003
106	0.00003
107	0.00003
108	0.00003
109	0.00003
110	0.00003
111	0.00003
112	0.00003
113	0.00003
114	0.00003
115	0.00003
116	0.00003
117	0.00003
118	0.00003
119	0.00003
120	0.00003
121	0.00003
122	0.00003
123	0.00003
124	0.00003
125	0.00003
126	0.00003
127	0.00003
128	0.00003
129	0.00003
130	0.00003
131	0.00003
132	0.00003
133	0.00003
134	0.00003
135	0.00003
136	0.00003
137	0.00003
138	0.00003
139	0.00003
140	0.00003
141	0.00003
142	0.00003
143	0.00003
144	0.00003
145	0.00003
146	0.00003
147	0.00003
148	0.00003
149	0.00003
150	0.00003
151	0.00003
152	0.00003
153	0.00003
154	0.00003
155	0.00003
156	0.00003
157	0.00003
158	0.00003
159	0.00003
160	0.00003
161	0.00003
162	0.00003
163	0.00003
164	0.00003
165	0.00003
166	0.00003
167	0.00003
168	0.00003
169	0.00003
170	0.00003
171	0.00003
172	0.00003
173	0.00003
174	0.00003
175	0.00003
176	0.00003
177	0.00003
178	0.00003
179	0.00003
180	0.00003
181	0.00003
182	0.00003
183	0.00003
184	0.00003
185	0.00003
186	0.00003
187	0.00003
188	0.00003
189	0.00003
190	0.00003
191	0.00003
192	0.00003
193	0.00003
194	0.00003
195	0.00003
196	0.00003
197	0.00003
198	0.00003
199	0.00003
200	0.00003
201	0.00003
202	0.00003
203	0.00003
204	0.00003
205	0.00003
206	0.00003
207	0.00003
208	0.00003
209	0.00003
210	0.00003
211	0.00003
212	0.00003
213	0.00003
214	0.00003
215	0.00003
216	0.00003
217	0.00003
218	0.00003
219	0.00003
220	0.00003
221	0.00003
222	0.00003
223	0.00003
224	0.00003
225	0.00003
226	0.00003
227	0.00003
228	0.00003
229	0.00003
230	0.00003
231	0.00003
232	0.00003
233	0.00003
234	0.00003
235	0.00003
236	0.00003
237	0.00003
238	0.00003
239	0.00003
240	0.00003
241	0.00003
242	0.00003
243	0.00003
244	0.00003
245	0.00003
246	0.00003
247	0.00003
248	0.00003
249	0.00003
250	0.00003
251	0.00003
252	0.00003
253	0.00003
254	0.00003
255	0.00003
256	0.00003
257	0.00003
258	0.00003
259	0.00003
260	0.00003
261	0.00003
262	0.00003
263	0.00003
264	0.00003
265	0.00003
266	0.00003
267	0.00003
268	0.00003
269	0.00003
270	0.00003
271	0.00003
272	0.00003
273	155520
274	155520
275	155520
276	155520
277	155520
278	155520
279	155520
280	155520
281	155520
282	155520
283	155520
284	155520
285	155520
286	155520
287	155520
288	155520
289	155520
290	155520
291	155520
292	155520
293	155520
294	155520
295	155520
296	155520
297	155520
298	155520
299	155520
300	155520
301	155520
302	155520
303	155520
304	155520
305	155520
306	155520
307	155520
308	155520
309	155520
310	155520
311	155520
312	155520
313	155520
314	155520
315	155520
316	155520
317	155520
318	155520
319	155520
320	155520
321	155520
322	155520
323	155520
324	155520
325	155520
326	155520
327	155520
328	155520
329	155520
330	155520
331	155520
332	155520
333	155520
334	155520
335	155520
336	155520
337	155520
338	155520
339	155520
340	155520
341	155520
342	155520
343	155520
344	155520
345	155520
346	155520
347	155520
348	155520
349	155520
350	155520
351	155520
352	155520
353	155520
354	155520
355	155520
356	155520
357	155520
358	155520
359	155520
360	155520
361	155520
362	155520
363	155520
364	155520
365	0.00003
366	0.00003
367	0.00003
368	0.00003
369	0.00003
370	0.00003
371	0.00003
372	0.00003
373	0.00003
374	0.00003
375	0.00003
376	0.00003
377	0.00003
378	0.00003
379	0.00003
380	0.00003
381	0.00003
382	0.00003
383	0.00003
384	0.00003
385	0.00003
386	0.00003
387	0.00003
388	0.00003
389	0.00003
390	0.00003
391	0.00003
392	0.00003
393	0.00003
394	0.00003
395	0.00003
396	0.00003
397	0.00003
398	0.00003
399	0.00003
400	0.00003
401	0.00003
402	0.00003
403	0.00003
404	0.00003
405	0.00003
406	0.00003
407	0.00003
408	0.00003
409	0.00003
410	0.00003
411	0.00003
412	0.00003
413	0.00003
414	0.00003
415	0.00003
416	0.00003
417	0.00003
418	0.00003
419	0.00003
420	0.00003
421	0.00003
422	0.00003
423	0.00003
424	0.00003
425	0.00003
426	0.00003
427	0.00003
428	0.00003
429	0.00003
430	0.00003
431	0.00003
432	0.00003
433	0.00003
434	0.00003
435	0.00003
436	0.00003
437	0.00003
438	0.00003
439	0.00003
440	0.00003
441	0.00003
442	0.00003
443	0.00003
444	0.00003
445	0.00003
446	0.00003
447	0.00003
448	0.00003
449	0.00003
450	0.00003
451	0.00003
452	0.00003
453	0.00003
454	0.00003
455	0.00003
456	0.00003
457	0.00003
458	0.00003
459	0.00003
460	0.00003
461	0.00003
462	0.00003
463	0.00003
464	0.00003
465	0.00003
466	0.00003
467	0.00003
468	0.00003
469	0.00003
470	0.00003
471	0.00003
472	0.00003
473	0.00003
474	0.00003
475	0.00003
476	0.00003
477	0.00003
478	0.00003
479	0.00003
480	0.00003
481	0.00003
482	0.00003
483	0.00003
484	0.00003
485	0.00003
486	0.00003
487	0.00003
488	0.00003
489	0.00003
490	0.00003
491	0.00003
492	0.00003
493	0.00003
494	0.00003
495	0.00003
496	0.00003
497	0.00003
498	0.00003
499	0.00003
500	0.00003
501	0.00003
502	0.00003
503	0.00003
504	0.00003
505	0.00003
506	0.00003
507	0.00003
508	0.00003
509	0.00003
510	0.00003
511	0.00003
512	0.00003
513	0.00003
514	0.00003
515	0.00003
516	0.00003
517	0.00003
518	0.00003
519	0.00003
520	0.00003
521	0.00003
522	0.00003
523	0.00003
524	0.00003
525	0.00003
526	0.00003
527	0.00003
528	0.00003
529	0.00003
530	0.00003
531	0.00003
532	0.00003
533	0.00003
534	0.00003
535	0.00003
536	0.00003
537	0.00003
538	0.00003
539	0.00003
540	0.00003
541	0.00003
542	0.00003
543	0.00003
544	0.00003
545	0.00003
546	0.00003
547	1036800
548	1036800
549	1036800
550	1036800
551	1036800
552	1036800
553	1036800
554	1036800
555	1036800
556	1036800
557	1036800
558	1036800
559	1036800
560	1036800
561	1036800
562	1036800
563	1036800
564	1036800
565	1036800
566	1036800
567	1036800
568	1036800
569	1036800
570	1036800
571	1036800
572	1036800
573	1036800
574	1036800
575	1036800
576	1036800
577	1036800
578	1036800
579	1036800
580	1036800
581	1036800
582	1036800
583	1036800
584	1036800
585	1036800
586	1036800
587	1036800
588	1036800
589	1036800
590	1036800
591	1036800
592	1036800
593	1036800
594	1036800
595	1036800
596	1036800
597	1036800
598	1036800
599	1036800
600	1036800
601	1036800
602	1036800
603	1036800
604	1036800
605	1036800
606	1036800
607	1036800
608	1036800
609	1036800
610	1036800
611	1036800
612	1036800
613	1036800
614	1036800
615	1036800
616	1036800
617	1036800
618	1036800
619	1036800
620	1036800
621	1036800
622	1036800
623	1036800
624	1036800
625	1036800
626	1036800
627	1036800
628	1036800
629	1036800
630	1036800
631	1036800
632	1036800
633	1036800
634	1036800
635	1036800
636	1036800
637	1036800
638	259200
639	259200
640	259200
641	259200
642	259200
643	259200
644	259200
645	259200
646	259200
647	259200
648	259200
649	259200
650	259200
651	259200
652	259200
653	259200
654	259200
655	259200
656	259200
657	259200
658	259200
659	259200
660	259200
661	259200
662	259200
663	259200
664	259200
665	259200
666	259200
667	259200
668	259200
669	259200
670	259200
671	259200
672	259200
673	259200
674	259200
675	259200
676	259200
677	259200
678	259200
679	259200
680	259200
681	259200
682	259200
683	259200
684	259200
685	259200
686	259200
687	259200
688	259200
689	259200
690	259200
691	259200
692	259200
693	259200
694	259200
695	259200
696	259200
697	259200
698	259200
699	259200
700	259200
701	259200
702	259200
703	259200
704	259200
705	259200
706	259200
707	259200
708	259200
709	259200
710	259200
711	259200
712	259200
713	259200
714	259200
715	259200
716	259200
717	259200
718	259200
719	259200
720	259200
721	259200
722	259200
723	259200
724	259200
725	259200
726	259200
727	259200
728	259200
729	259200
730	0.00003
731	0.00003
732	0.00003
733	0.00003
734	0.00003
735	0.00003
736	0.00003
737	0.00003
738	0.00003
739	0.00003
740	0.00003
741	0.00003
742	0.00003
743	0.00003
744	0.00003
745	0.00003
746	0.00003
747	0.00003
748	0.00003
749	0.00003
750	0.00003
751	0.00003
752	0.00003
753	0.00003
754	0.00003
755	0.00003
756	0.00003
757	0.00003
758	0.00003
759	0.00003
760	0.00003
761	0.00003
762	0.00003
763	0.00003
764	0.00003
765	0.00003
766	0.00003
767	0.00003
768	0.00003
769	0.00003
770	0.00003
771	0.00003
772	0.00003
773	0.00003
774	0.00003
775	0.00003
776	0.00003
777	0.00003
778	0.00003
779	0.00003
780	0.00003
781	0.00003
782	0.00003
783	0.00003
784	0.00003
785	0.00003
786	0.00003
787	0.00003
788	0.00003
789	0.00003
790	0.00003
791	0.00003
792	0.00003
793	0.00003
794	0.00003
795	0.00003
796	0.00003
797	0.00003
798	0.00003
799	0.00003
800	0.00003
801	0.00003
802	0.00003
803	0.00003
804	0.00003
805	0.00003
806	0.00003
807	0.00003
808	0.00003
809	0.00003
810	0.00003
811	0.00003
812	0.00003
813	0.00003
814	0.00003
815	0.00003
816	0.00003
817	0.00003
818	0.00003
819	0.00003
820	0.00003
821	0.00003
822	0.00003
823	0.00003
824	0.00003
825	0.00003
826	0.00003
827	0.00003
828	0.00003
829	0.00003
830	0.00003
831	0.00003
832	0.00003
833	0.00003
834	0.00003
835	0.00003
836	0.00003
837	0.00003
838	0.00003
839	0.00003
840	0.00003
841	0.00003
842	0.00003
843	0.00003
844	0.00003
845	0.00003
846	0.00003
847	0.00003
848	0.00003
849	0.00003
850	0.00003
851	0.00003
852	0.00003
853	0.00003
854	0.00003
855	0.00003
856	0.00003
857	0.00003
858	0.00003
859	0.00003
860	0.00003
861	0.00003
862	0.00003
863	0.00003
864	0.00003
865	0.00003
866	0.00003
867	0.00003
868	0.00003
869	0.00003
870	0.00003
871	0.00003
872	0.00003
873	0.00003
874	0.00003
875	0.00003
876	0.00003
877	0.00003
878	0.00003
879	0.00003
880	0.00003
881	0.00003
882	0.00003
883	0.00003
884	0.00003
885	0.00003
886	0.00003
887	0.00003
888	0.00003
889	0.00003
890	0.00003
891	0.00003
892	0.00003
893	0.00003
894	0.00003
895	0.00003
896	0.00003
897	0.00003
898	0.00003
899	0.00003
900	0.00003
901	0.00003
902	0.00003
903	0.00003
904	0.00003
905	0.00003
906	0.00003
907	0.00003
908	0.00003
909	0.00003
910	0.00003
911	0.00003
912	336960
913	336960
914	336960
915	336960
916	336960
917	336960
918	336960
919	336960
920	336960
921	336960
922	336960
923	336960
924	336960
925	336960
926	336960
927	336960
928	336960
929	336960
930	336960
931	336960
932	336960
933	336960
934	336960
935	336960
936	336960
937	336960
938	336960
939	336960
940	336960
941	336960
942	336960
943	336960
944	336960
945	336960
946	336960
947	336960
948	336960
949	336960
950	336960
951	336960
952	336960
953	336960
954	336960
955	336960
956	336960
957	336960
958	336960
959	336960
960	336960
961	336960
962	336960
963	336960
964	336960
965	336960
966	336960
967	336960
968	336960
969	336960
970	336960
971	336960
972	336960
973	336960
974	336960
975	336960
976	336960
977	336960
978	336960
979	336960
980	336960
981	336960
982	336960
983	336960
984	336960
985	336960
986	336960
987	336960
988	336960
989	336960
990	336960
991	336960
992	336960
993	336960
994	336960
995	336960
996	336960
997	336960
998	336960
999	336960
1000	336960
1001	336960
1002	336960
1003	4173120
1004	4173120
1005	4173120
1006	4173120
1007	4173120
1008	4173120
1009	4173120
1010	4173120
1011	4173120
1012	4173120
1013	4173120
1014	4173120
1015	4173120
1016	4173120
1017	4173120
1018	4173120
1019	4173120
1020	4173120
1021	4173120
1022	4173120
1023	4173120
1024	4173120
1025	4173120
1026	4173120
1027	4173120
1028	4173120
1029	4173120
1030	4173120
1031	4173120
1032	4173120
1033	4173120
1034	4173120
1035	4173120
1036	4173120
1037	4173120
1038	4173120
1039	4173120
1040	4173120
1041	4173120
1042	4173120
1043	4173120
1044	4173120
1045	4173120
1046	4173120
1047	4173120
1048	4173120
1049	4173120
1050	4173120
1051	4173120
1052	4173120
1053	4173120
1054	4173120
1055	4173120
1056	4173120
1057	4173120
1058	4173120
1059	4173120
1060	4173120
1061	4173120
1062	4173120
1063	4173120
1064	4173120
1065	4173120
1066	4173120
1067	4173120
1068	4173120
1069	4173120
1070	4173120
1071	4173120
1072	4173120
1073	4173120
1074	4173120
1075	4173120
1076	4173120
1077	4173120
1078	4173120
1079	4173120
1080	4173120
1081	4173120
1082	4173120
1083	4173120
1084	4173120
1085	4173120
1086	4173120
1087	4173120
1088	4173120
1089	4173120
1090	4173120
1091	4173120
1092	4173120
1093	4173120
1094	4173120
1095	0.00003
1096	0.00003
1097	0.00003
1098	0.00003
1099	0.00003
1100	0.00003
1101	0.00003
1102	0.00003
1103	0.00003
1104	0.00003
1105	0.00003
1106	0.00003
1107	0.00003
1108	0.00003
1109	0.00003
1110	0.00003
1111	0.00003
1112	0.00003
1113	0.00003
1114	0.00003
1115	0.00003
1116	0.00003
1117	0.00003
1118	0.00003
1119	0.00003
1120	0.00003
1121	0.00003
1122	0.00003
1123	0.00003
1124	0.00003
1125	0.00003
1126	0.00003
1127	0.00003
1128	0.00003
1129	0.00003
1130	0.00003
1131	0.00003
1132	0.00003
1133	0.00003
1134	0.00003
1135	0.00003
1136	0.00003
1137	0.00003
1138	0.00003
1139	0.00003
1140	0.00003
1141	0.00003
1142	0.00003
1143	0.00003
1144	0.00003
1145	0.00003
1146	0.00003
1147	0.00003
1148	0.00003
1149	0.00003
1150	0.00003
1151	0.00003
1152	0.00003
1153	0.00003
1154	0.00003
1155	0.00003
1156	0.00003
1157	0.00003
1158	0.00003
1159	0.00003
1160	0.00003
1161	0.00003
1162	0.00003
1163	0.00003
1164	0.00003
1165	0.00003
1166	0.00003
1167	0.00003
1168	0.00003
1169	0.00003
1170	0.00003
1171	0.00003
1172	0.00003
1173	0.00003
1174	0.00003
1175	0.00003
1176	0.00003
1177	0.00003
1178	0.00003
1179	0.00003
1180	0.00003
1181	0.00003
1182	0.00003
1183	0.00003
1184	0.00003
1185	0.00003
1186	0.00003
1187	0.00003
1188	0.00003
1189	0.00003
1190	0.00003
1191	0.00003
1192	0.00003
1193	0.00003
1194	0.00003
1195	0.00003
1196	0.00003
1197	0.00003
1198	0.00003
1199	0.00003
1200	0.00003
1201	0.00003
1202	0.00003
1203	0.00003
1204	0.00003
1205	0.00003
1206	0.00003
1207	0.00003
1208	0.00003
1209	0.00003
1210	0.00003
1211	0.00003
1212	0.00003
1213	0.00003
1214	0.00003
1215	0.00003
1216	0.00003
1217	0.00003
1218	0.00003
1219	0.00003
1220	0.00003
1221	0.00003
1222	0.00003
1223	0.00003
1224	0.00003
1225	0.00003
1226	0.00003
1227	0.00003
1228	0.00003
1229	0.00003
1230	0.00003
1231	0.00003
1232	0.00003
1233	0.00003
1234	0.00003
1235	0.00003
1236	0.00003
1237	0.00003
1238	0.00003
1239	0.00003
1240	0.00003
1241	0.00003
1242	0.00003
1243	0.00003
1244	0.00003
1245	0.00003
1246	0.00003
1247	0.00003
1248	0.00003
1249	0.00003
1250	0.00003
1251	0.00003
1252	0.00003
1253	0.00003
1254	0.00003
1255	0.00003
1256	0.00003
1257	0.00003
1258	0.00003
1259	0.00003
1260	0.00003
1261	0.00003
1262	0.00003
1263	0.00003
1264	0.00003
1265	0.00003
1266	0.00003
1267	0.00003
1268	0.00003
1269	0.00003
1270	0.00003
1271	0.00003
1272	0.00003
1273	0.00003
1274	0.00003
1275	0.00003
1276	0.00003
1277	0.00003
1278	0.00003
1279	0.00003
1280	0.00003
1281	0.00003
1282	0.00003
1283	0.00003
1284	0.00003
1285	0.00003
1286	0.00003
1287	0.00003
1288	0.00003
1289	0.00003
1290	0.00003
1291	0.00003
1292	0.00003
1293	0.00003
1294	0.00003
1295	0.00003
1296	0.00003
1297	0.00003
1298	0.00003
1299	0.00003
1300	0.00003
1301	0.00003
1302	0.00003
1303	0.00003
1304	0.00003
1305	0.00003
1306	0.00003
1307	0.00003
1308	0.00003
1309	0.00003
1310	0.00003
1311	0.00003
1312	0.00003
1313	0.00003
1314	0.00003
1315	0.00003
1316	0.00003
1317	0.00003
1318	0.00003
1319	0.00003
1320	0.00003
1321	0.00003
1322	0.00003
1323	0.00003
1324	0.00003
1325	0.00003
1326	0.00003
1327	0.00003
1328	0.00003
1329	0.00003
1330	0.00003
1331	0.00003
1332	0.00003
1333	0.00003
1334	0.00003
1335	0.00003
1336	0.00003
1337	0.00003
1338	0.00003
1339	0.00003
1340	0.00003
1341	0.00003
1342	0.00003
1343	0.00003
1344	0.00003
1345	0.00003
1346	0.00003
1347	0.00003
1348	0.00003
1349	0.00003
1350	0.00003
1351	0.00003
1352	0.00003
1353	0.00003
1354	0.00003
1355	0.00003
1356	0.00003
1357	0.00003
1358	0.00003
1359	0.00003
1360	0.00003
1361	0.00003
1362	0.00003
1363	0.00003
1364	0.00003
1365	0.00003
1366	0.00003
1367	0.00003
1368	0.00003
1369	0.00003
1370	0.00003
1371	0.00003
1372	0.00003
1373	0.00003
1374	0.00003
1375	0.00003
1376	0.00003
1377	0.00003
1378	0.00003
1379	0.00003
1380	0.00003
1381	0.00003
1382	0.00003
1383	0.00003
1384	0.00003
1385	0.00003
1386	0.00003
1387	0.00003
1388	0.00003
1389	0.00003
1390	0.00003
1391	0.00003
1392	0.00003
1393	0.00003
1394	0.00003
1395	0.00003
1396	0.00003
1397	0.00003
1398	0.00003
1399	0.00003
1400	0.00003
1401	0.00003
1402	0.00003
1403	0.00003
1404	0.00003
1405	0.00003
1406	0.00003
1407	0.00003
1408	0.00003
1409	0.00003
1410	0.00003
1411	0.00003
1412	0.00003
1413	0.00003
1414	0.00003
1415	0.00003
1416	0.00003
1417	0.00003
1418	0.00003
1419	0.00003
1420	0.00003
1421	0.00003
1422	0.00003
1423	0.00003
1424	0.00003
1425	0.00003
1426	0.00003
1427	0.00003
1428	0.00003
1429	0.00003
1430	0.00003
1431	0.00003
1432	0.00003
1433	0.00003
1434	0.00003
1435	0.00003
1436	0.00003
1437	0.00003
1438	0.00003
1439	0.00003
1440	0.00003
1441	0.00003
1442	0.00003
1443	0.00003
1444	0.00003
1445	0.00003
1446	0.00003
1447	0.00003
1448	0.00003
1449	0.00003
1450	0.00003
1451	0.00003
1452	0.00003
1453	0.00003
1454	0.00003
1455	0.00003
1456	0.00003
1457	0.00003
1458	0.00003
1459	0.00003
1460	0.00003
1461	0.00003
1462	0.00003
1463	0.00003
1464	0.00003
1465	0.00003
1466	0.00003
1467	0.00003
1468	0.00003
1469	0.00003
1470	0.00003
1471	0.00003
1472	0.00003
1473	0.00003
1474	0.00003
1475	0.00003
1476	0.00003
1477	0.00003
1478	0.00003
1479	0.00003
1480	0.00003
1481	0.00003
1482	0.00003
1483	0.00003
1484	0.00003
1485	0.00003
1486	0.00003
1487	0.00003
1488	0.00003
1489	0.00003
1490	0.00003
1491	0.00003
1492	0.00003
1493	0.00003
1494	0.00003
1495	0.00003
1496	0.00003
1497	0.00003
1498	0.00003
1499	0.00003
1500	0.00003
1501	0.00003
1502	0.00003
1503	0.00003
1504	0.00003
1505	0.00003
1506	0.00003
1507	0.00003
1508	0.00003
1509	0.00003
1510	0.00003
1511	0.00003
1512	0.00003
1513	0.00003
1514	0.00003
1515	0.00003
1516	0.00003
1517	0.00003
1518	0.00003
1519	0.00003
1520	0.00003
1521	0.00003
1522	0.00003
1523	0.00003
1524	0.00003
1525	0.00003
1526	0.00003
1527	0.00003
1528	0.00003
1529	0.00003
1530	0.00003
1531	0.00003
1532	0.00003
1533	0.00003
1534	0.00003
1535	0.00003
1536	0.00003
1537	0.00003
1538	0.00003
1539	0.00003
1540	0.00003
1541	0.00003
1542	0.00003
1543	0.00003
1544	0.00003
1545	0.00003
1546	0.00003
1547	0.00003
1548	0.00003
1549	0.00003
1550	0.00003
1551	0.00003
1552	0.00003
1553	0.00003
1554	0.00003
1555	0.00003
1556	0.00003
1557	0.00003
1558	0.00003
1559	0.00003
1560	0.00003
1561	0.00003
1562	0.00003
1563	0.00003
1564	0.00003
1565	0.00003
1566	0.00003
1567	0.00003
1568	0.00003
1569	0.00003
1570	0.00003
1571	0.00003
1572	0.00003
1573	0.00003
1574	0.00003
1575	0.00003
1576	0.00003
1577	0.00003
1578	0.00003
1579	0.00003
1580	0.00003
1581	0.00003
1582	0.00003
1583	0.00003
1584	0.00003
1585	0.00003
1586	0.00003
1587	0.00003
1588	0.00003
1589	0.00003
1590	0.00003
1591	0.00003
1592	0.00003
1593	0.00003
1594	0.00003
1595	0.00003
1596	0.00003
1597	0.00003
1598	0.00003
1599	0.00003
1600	0.00003
1601	0.00003
1602	0.00003
1603	0.00003
1604	0.00003
1605	0.00003
1606	0.00003
1607	0.00003
1608	0.00003
1609	0.00003
1610	0.00003
1611	0.00003
1612	0.00003
1613	0.00003
1614	0.00003
1615	0.00003
1616	0.00003
1617	0.00003
1618	0.00003
1619	0.00003
1620	0.00003
1621	0.00003
1622	0.00003
1623	0.00003
1624	0.00003
1625	0.00003
1626	0.00003
1627	0.00003
1628	0.00003
1629	0.00003
1630	0.00003
1631	0.00003
1632	0.00003
1633	0.00003
1634	0.00003
1635	0.00003
1636	0.00003
1637	0.00003
1638	0.00003
1639	0.00003
1640	0.00003
1641	0.00003
1642	0.00003
1643	0.00003
1644	0.00003
1645	0.00003
1646	0.00003
1647	0.00003
1648	0.00003
1649	0.00003
1650	0.00003
1651	0.00003
1652	0.00003
1653	0.00003
1654	0.00003
1655	0.00003
1656	0.00003
1657	0.00003
1658	0.00003
1659	0.00003
1660	0.00003
1661	0.00003
1662	0.00003
1663	0.00003
1664	0.00003
1665	0.00003
1666	0.00003
1667	0.00003
1668	0.00003
1669	0.00003
1670	0.00003
1671	0.00003
1672	0.00003
1673	0.00003
1674	0.00003
1675	0.00003
1676	0.00003
1677	0.00003
1678	0.00003
1679	0.00003
1680	0.00003
1681	0.00003
1682	0.00003
1683	0.00003
1684	0.00003
1685	0.00003
1686	0.00003
1687	0.00003
1688	0.00003
1689	0.00003
1690	0.00003
1691	0.00003
1692	0.00003
1693	0.00003
1694	0.00003
1695	0.00003
1696	0.00003
1697	0.00003
1698	0.00003
1699	0.00003
1700	0.00003
1701	0.00003
1702	0.00003
1703	0.00003
1704	0.00003
1705	0.00003
1706	0.00003
1707	0.00003
1708	0.00003
1709	0.00003
1710	0.00003
1711	0.00003
1712	0.00003
1713	0.00003
1714	0.00003
1715	0.00003
1716	0.00003
1717	0.00003
1718	0.00003
1719	0.00003
1720	0.00003
1721	0.00003
1722	0.00003
1723	0.00003
1724	0.00003
1725	0.00003
1726	0.00003
1727	0.00003
1728	0.00003
1729	0.00003
1730	0.00003
1731	0.00003
1732	0.00003
1733	0.00003
1734	0.00003
1735	0.00003
1736	0.00003
1737	0.00003
1738	0.00003
1739	0.00003
1740	0.00003
1741	0.00003
1742	0.00003
1743	0.00003
1744	0.00003
1745	0.00003
1746	0.00003
1747	0.00003
1748	0.00003
1749	0.00003
1750	0.00003
1751	0.00003
1752	0.00003
1753	0.00003
1754	0.00003
1755	0.00003
1756	0.00003
1757	0.00003
1758	0.00003
1759	0.00003
1760	0.00003
1761	0.00003
1762	0.00003
1763	0.00003
1764	0.00003
1765	0.00003
1766	0.00003
1767	0.00003
1768	0.00003
1769	0.00003
1770	0.00003
1771	0.00003
1772	0.00003
1773	0.00003
1774	0.00003
1775	0.00003
1776	0.00003
1777	0.00003
1778	0.00003
1779	0.00003
1780	0.00003
1781	0.00003
1782	0.00003
1783	0.00003
1784	0.00003
1785	0.00003
1786	0.00003
1787	0.00003
1788	0.00003
1789	0.00003
1790	0.00003
1791	0.00003
1792	0.00003
1793	0.00003
1794	0.00003
1795	0.00003
1796	0.00003
1797	0.00003
1798	0.00003
1799	0.00003
1800	0.00003
1801	0.00003
1802	0.00003
1803	0.00003
1804	0.00003
1805	0.00003
1806	0.00003
1807	0.00003
1808	0.00003
1809	0.00003
1810	0.00003
1811	0.00003
1812	0.00003
1813	0.00003
1814	0.00003
1815	0.00003
1816	0.00003
1817	0.00003
1818	0.00003
1819	0.00003
1820	0.00003
1821	0.00003
1822	0.00003
1823	0.00003
1824	0.00003
1825	0.00003
1826	0.00003
1827	0.00003
1828	0.00003
1829	0.00003
1830	0.00003
1831	0.00003
1832	0.00003
1833	0.00003
1834	0.00003
1835	0.00003
1836	0.00003
1837	0.00003
1838	0.00003
1839	0.00003
1840	0.00003
1841	0.00003
1842	0.00003
1843	0.00003
1844	0.00003
1845	0.00003
1846	0.00003
1847	0.00003
1848	0.00003
1849	0.00003
1850	0.00003
1851	0.00003
1852	0.00003
1853	0.00003
1854	0.00003
1855	0.00003
1856	0.00003
1857	0.00003
1858	0.00003
1859	0.00003
1860	0.00003
1861	0.00003
1862	0.00003
1863	0.00003
1864	0.00003
1865	0.00003
1866	0.00003
1867	0.00003
1868	0.00003
1869	0.00003
1870	0.00003
1871	0.00003
1872	0.00003
1873	0.00003
1874	0.00003
1875	0.00003
1876	0.00003
1877	0.00003
1878	0.00003
1879	0.00003
1880	0.00003
1881	0.00003
1882	0.00003
1883	0.00003
1884	0.00003
1885	0.00003
1886	0.00003
1887	0.00003
1888	0.00003
1889	0.00003
1890	0.00003
1891	0.00003
1892	0.00003
1893	0.00003
1894	0.00003
1895	0.00003
1896	0.00003
1897	0.00003
1898	0.00003
1899	0.00003
1900	0.00003
1901	0.00003
1902	0.00003
1903	0.00003
1904	0.00003
1905	0.00003
1906	0.00003
1907	0.00003
1908	0.00003
1909	0.00003
1910	0.00003
1911	0.00003
1912	0.00003
1913	0.00003
1914	0.00003
1915	0.00003
1916	0.00003
1917	0.00003
1918	0.00003
1919	0.00003
1920	0.00003
1921	0.00003
1922	0.00003
1923	0.00003
1924	0.00003
1925	0.00003
1926	0.00003
1927	0.00003
1928	0.00003
1929	0.00003
1930	0.00003
1931	0.00003
1932	0.00003
1933	0.00003
1934	0.00003
1935	0.00003
1936	0.00003
1937	0.00003
1938	0.00003
1939	0.00003
1940	0.00003
1941	0.00003
1942	0.00003
1943	0.00003
1944	0.00003
1945	0.00003
1946	0.00003
1947	0.00003
1948	0.00003
1949	0.00003
1950	0.00003
1951	0.00003
1952	0.00003
1953	0.00003
1954	0.00003
1955	0.00003
1956	0.00003
1957	0.00003
1958	0.00003
1959	0.00003
1960	0.00003
1961	0.00003
1962	0.00003
1963	0.00003
1964	0.00003
1965	0.00003
1966	0.00003
1967	0.00003
1968	0.00003
1969	0.00003
1970	0.00003
1971	0.00003
1972	0.00003
1973	0.00003
1974	0.00003
1975	0.00003
1976	0.00003
1977	0.00003
1978	0.00003
1979	0.00003
1980	0.00003
1981	0.00003
1982	0.00003
1983	0.00003
1984	0.00003
1985	0.00003
1986	0.00003
1987	0.00003
1988	0.00003
1989	0.00003
1990	0.00003
1991	0.00003
1992	0.00003
1993	0.00003
1994	0.00003
1995	0.00003
1996	0.00003
1997	0.00003
1998	0.00003
1999	0.00003
2000	0.00003
2001	0.00003
2002	0.00003
2003	0.00003
2004	0.00003
2005	0.00003
2006	0.00003
2007	0.00003
2008	0.00003
2009	0.00003
2010	0.00003
2011	0.00003
2012	0.00003
2013	0.00003
2014	0.00003
2015	0.00003
2016	0.00003
2017	0.00003
2018	0.00003
2019	0.00003
2020	0.00003
2021	0.00003
2022	0.00003
2023	0.00003
2024	0.00003
2025	0.00003
2026	0.00003
2027	0.00003
2028	0.00003
2029	0.00003
2030	0.00003
2031	0.00003
2032	0.00003
2033	0.00003
2034	0.00003
2035	0.00003
2036	0.00003
2037	0.00003
2038	0.00003
2039	0.00003
2040	0.00003
2041	0.00003
2042	0.00003
2043	0.00003
2044	0.00003
2045	0.00003
2046	0.00003
2047	0.00003
2048	0.00003
2049	0.00003
2050	0.00003
2051	0.00003
2052	0.00003
2053	0.00003
2054	0.00003
2055	0.00003
2056	0.00003
2057	0.00003
2058	0.00003
2059	0.00003
2060	0.00003
2061	0.00003
2062	0.00003
2063	0.00003
2064	0.00003
2065	0.00003
2066	0.00003
2067	0.00003
2068	0.00003
2069	0.00003
2070	0.00003
2071	0.00003
2072	0.00003
2073	0.00003
2074	0.00003
2075	0.00003
2076	0.00003
2077	0.00003
2078	0.00003
2079	0.00003
2080	0.00003
2081	0.00003
2082	0.00003
2083	0.00003
2084	0.00003
2085	0.00003
2086	0.00003
2087	0.00003
2088	0.00003
2089	0.00003
2090	0.00003
2091	0.00003
2092	0.00003
2093	0.00003
2094	0.00003
2095	0.00003
2096	0.00003
2097	0.00003
2098	0.00003
2099	0.00003
2100	0.00003
2101	0.00003
2102	0.00003
2103	0.00003
2104	0.00003
2105	0.00003
2106	0.00003
2107	0.00003
2108	0.00003
2109	0.00003
2110	0.00003
2111	0.00003
2112	0.00003
2113	0.00003
2114	0.00003
2115	0.00003
2116	0.00003
2117	0.00003
2118	0.00003
2119	0.00003
2120	0.00003
2121	0.00003
2122	0.00003
2123	0.00003
2124	0.00003
2125	0.00003
2126	0.00003
2127	0.00003
2128	0.00003
2129	0.00003
2130	0.00003
2131	0.00003
2132	0.00003
2133	0.00003
2134	0.00003
2135	0.00003
2136	0.00003
2137	0.00003
2138	0.00003
2139	0.00003
2140	0.00003
2141	0.00003
2142	0.00003
2143	0.00003
2144	0.00003
2145	0.00003
2146	0.00003
2147	0.00003
2148	0.00003
2149	0.00003
2150	0.00003
2151	0.00003
2152	0.00003
2153	0.00003
2154	0.00003
2155	0.00003
2156	0.00003
2157	0.00003
2158	0.00003
2159	0.00003
2160	0.00003
2161	0.00003
2162	0.00003
2163	0.00003
2164	0.00003
2165	0.00003
2166	0.00003
2167	0.00003
2168	0.00003
2169	0.00003
2170	0.00003
2171	0.00003
2172	0.00003
2173	0.00003
2174	0.00003
2175	0.00003
2176	0.00003
2177	0.00003
2178	0.00003
2179	0.00003
2180	0.00003
2181	0.00003
2182	0.00003
2183	0.00003
2184	0.00003
2185	0.00003
2186	0.00003
2187	0.00003
2188	0.00003
2189	0.00003
2190	0.00003
