0 4033403  # first 2 values are for steady state and is the average flow for all tab values
1 4033403
2 1963872
3 2269728
4 2236032
5 2347488
6 2431296
7 2381184
8 2306016
9 1937952
10 1599264
11 1700352
12 1839456
13 1661472
14 1520640
15 1554336
16 1491264
17 1918944
18 2567808
19 2687040
20 2296512
21 2027808
22 1786752
23 2056320
24 2801952
25 23740128
26 3890592
27 2322432
28 1909440
29 1494720
30 1481760
31 2533248
32 1422144
33 1359072
34 1660608
35 1391040
36 1129248
37 1154304
38 1123200
39 7043328
40 2313792
41 1595808
42 1838592
43 1254528
44 1252800
45 1149984
46 1140480
47 1159488
48 1207008
49 1408320
50 1391904
51 4931712
52 30753216
53 10207296
54 5229792
55 11549088
56 4178304
57 3526848
58 3318624
59 8273664
60 3793824
61 2690496
62 2756160
63 2396736
64 2064096
65 2039904
66 1901664
67 6527520
68 4799520
69 2538432
70 14008896
71 4663008
72 2954016
73 2533248
74 2371680
75 2335392
76 6882624
77 4089312
78 3303072
79 11169792
80 22842432
81 102875616
82 13808448
83 6671808
84 6492960
85 3951072
86 3370464
87 24468480
88 7153920
89 3913920
90 70557696
91 29596320
92 7712064
93 4627584
94 12504672
95 6624288
96 4088448
97 3687552
98 3319488
99 3231360
100 18144
101 17280
102 14688
103 2623104
104 3013632
105 2361312
106 3533760
107 2928096
108 2116800
109 1680480
110 1733184
111 1877472
112 1709856
113 1618272
114 1813536
115 1861920
116 1772928
117 1765152
118 1737504
119 1726272
120 2026080
121 2168640
122 3151008
123 14528160
124 3167424
125 2003616
126 1677888
127 1569024
128 1537920
129 1468800
130 1389312
131 1452384
132 1341792
133 1294272
134 1523232
135 1444608
136 1475712
137 1311552
138 1852416
139 14398560
140 24311232
141 49923648
142 52420608
143 42966720
144 15270336
145 7105536
146 4451328
147 3360960
148 27000864
149 76749120
150 15518304
151 6238080
152 4920480
153 3755808
154 3996864
155 3376512
156 3182976
157 3373920
158 19361376
159 4829760
160 3125088
161 2650752
162 2456352
163 2288736
164 2110752
165 8144928
166 4847904
167 13879296
168 12509856
169 4504032
170 59422464
171 87882624
172 112544640
173 97731360
174 86253120
175 115335360
176 301499712
177 116244288
178 117053856
179 87344352
180 50637312
181 14764896
182 9676800
183 7413120
184 5757696
185 5406912
186 5012064
187 4539456
188 3697920
189 4196448
190 5409504
191 4341600
192 3686688
193 3900096
194 3808512
195 2806272
196 4724352
197 3812832
198 3623616
199 3614112
200 3597696
201 3271968
202 2700000
203 2662848
204 2890080
205 2636064
206 3205440
207 3493152
208 3424032
209 2394144
210 3134592
211 2734560
212 2238624
213 2911680
214 3059424
215 2956608
216 2212704
217 2076192
218 1796256
219 2283552
220 2896128
221 3257280
222 3360096
223 2738016
224 2953152
225 2941056
226 2546208
227 5652288
228 5594400
229 4320000
230 6083424
231 3729024
232 2459808
233 2140992
234 2951424
235 3030048
236 2615328
237 1996704
238 2642112
239 2140128
240 2873664
241 2941056
242 2912544
243 2862432
244 3417984
245 3591648
246 2352672
247 2396736
248 21140352
249 8695296
250 3976992
251 2673216
252 2370816
253 2225664
254 2033856
255 1721952
256 1817856
257 2411424
258 2038176
259 1971648
260 2378592
261 2755296
262 2922048
263 2843424
264 1943136
265 1805760
266 1728000
267 1625184
268 1675296
269 2388096
270 2714688
271 2712096
272 26398656
273 5333472
274 3709152
275 3282336
276 2166912
277 1817856
278 1747872
279 1677888
280 1670112
281 2496096
282 2303424
283 2600640
284 2619648
285 1821312
286 2017440
287 1989792
288 1865376
289 1558656
290 2168640
291 2546208
292 2224800
293 1708128
294 1524960
295 1346112
296 1378080
297 2416608
298 2651616
299 2475360
300 1891296
301 2341440
302 1967328
303 1971648
304 2106432
305 1644192
306 1683936
307 1681344
308 1591488
309 1740096
310 2287008
311 2619648
312 2666304
313 2643840
314 2088288
315 1727136
316 1609632
317 1748736
318 1793664
319 1728864
320 1836864
321 1972512
322 1962144
323 1943136
324 2592
325 2880
326 3456
327 3168
328 2592
329 2592
330 2592
331 2304
332 1728
333 1728
334 1728
335 1728
336 1728
337 1728
338 1728
339 1728
340 1728
341 1728
342 1728
343 1440
344 1152
345 1440
346 1152
347 1728
348 1728
349 1728
350 2016
351 2592
352 2592
353 2592
354 2592
355 2304
356 1728
357 1440
358 864
359 864
360 864
361 1152
362 2016
363 2592
364 2304
365 2016
366 2592
367 2880
368 3744
369 4896
370 6048
371 5184
372 3456
373 3456
374 3168
375 2592
376 2880
377 3168
378 2592
379 2592
380 2592
381 2304
382 1728
383 1728
384 1728
385 2016
386 2592
387 2028672
388 2375136
389 2426976
390 1995840
391 1907712
392 1866240
393 1956960
394 2479680
395 2591136
396 2528928
397 2198016
398 2097792
399 2077056
400 2846016
401 3395520
402 5334336
403 3025728
404 2248128
405 2268000
406 2196288
407 2614464
408 2777760
409 2662848
410 2572992
411 1971648
412 2065824
413 1994976
414 1844640
415 2298240
416 4564512
417 7610112
418 1387584
419 1080864
420 1442880
421 1683072
422 1517184
423 1485216
424 1473984
425 1029888
426 989280
427 1129248
428 1271808
429 1386720
430 1386720
431 1384992
432 952992
433 825984
434 837216
435 1168992
436 1470528
437 1469664
438 1477440
439 1110240
440 1040256
441 1037664
442 1397952
443 1553472
444 1552608
445 1562112
446 1402272
447 1167264
448 1116288
449 952992
450 906336
451 828576
452 813024
453 807840
454 862272
455 931392
456 839808
457 873504
458 1059264
459 1296000
460 1296000
461 1028160
462 891648
463 878688
464 1199232
465 1552608
466 1636416
467 1539648
468 1715040
469 1277856
470 1083456
471 1289088
472 1151712
473 818208
474 806976
475 800928
476 1289952
477 1417824
478 61813152
479 21346848
480 12525408
481 22037184
482 3760128
483 2759616
484 2304288
485 2979072
486 2204064
487 1755648
488 1672704
489 1592352
490 1572480
491 1590624
492 2625696
493 2686176
494 2620512
495 2647296
496 5389632
497 2625696
498 2229120
499 2125440
500 1484352
501 1635552
502 3594240
503 3350592
504 3506976
505 2756160
506 2849472
507 2941056
508 2939328
509 2940192
510 2951424
511 2929824
512 3374784
513 3061152
514 2696544
515 2713824
516 2721600
517 4226688
518 15316128
519 8905248
520 3449088
521 3378240
522 4096224
523 4029696
524 3636576
525 3278880
526 2864160
527 2467584
528 2828736
529 2943648
530 2946240
531 7831296
532 7950528
533 3786912
534 47121696
535 9022752
536 3093120
537 2525472
538 2049408
539 1864512
540 2065824
541 2166912
542 21485088
543 17764704
544 4331232
545 24595488
546 9614592
547 3977856
548 2808000
549 22046688
550 4883328
551 3189024
552 3097440
553 3514752
554 3239136
555 3119904
556 2623104
557 3109536
558 3108672
559 17728416
560 11829888
561 61147872
562 55529280
563 9995616
564 5847552
565 4358016
566 3710016
567 2554848
568 2047680
569 1962144
570 9504
571 9216
572 2078784
573 1575936
574 3551040
575 5314464
576 2024352
577 1734912
578 1610496
579 1904256
580 2279232
581 1675296
582 2261952
583 2096928
584 2242944
585 2140128
586 2098656
587 2099520
588 1464480
589 1381536
590 1438560
591 1610496
592 1880064
593 1581984
594 1448928
595 1202688
596 1130976
597 1172448
598 6912
599 6912
600 6912
601 2348352
602 1429920
603 1108512
604 1060992
605 1110240
606 1181088
607 1194048
608 1490400
609 1354752
610 1395360
611 1912032
612 2201472
613 2150496
614 2147040
615 1388448
616 1220832
617 1238112
618 1762560
619 2277504
620 2130624
621 1175040
622 1000512
623 983232
624 994464
625 1092096
626 981504
627 942624
628 1122336
629 1287360
630 1233792
631 1404864
632 1150848
633 1374624
634 2025216
635 1739232
636 1232064
637 1421280
638 1264896
639 1300320
640 2074464
641 2225664
642 1734048
643 1602720
644 2184192
645 1461024
646 1802304
647 2157408
648 2066688
649 1293408
650 1519776
651 1584576
652 1248480
653 912384
654 1722816
655 2032992
656 1814400
657 1643328
658 1271808
659 1100736
660 1113696
661 1706400
662 1707264
663 1160352
664 963360
665 1255392
666 1118016
667 1016928
668 1058400
669 902016
670 905472
671 933120
672 941760
673 876096
674 845856
675 946080
676 1281312
677 1256256
678 1187136
679 1108512
680 869184
681 807840
682 714528
683 666144
684 724896
685 718848
686 743040
687 756000
688 830304
689 814752
690 765504
691 806112
692 801792
693 870912
694 1042848
695 1478304
696 1857600
697 1841184
698 1353888
699 1056672
700 1283040
701 1031616
702 1268352
703 1770336
704 1740960
705 1700352
706 1004832
707 889056
708 1019520
709 940896
710 1001376
711 774144
712 746496
713 765504
714 776736
715 766368
716 743904
717 721440
718 698976
719 679968
720 740448
721 786240
722 862272
723 866592
724 1071360
725 1454112
726 1507680
727 1054944
728 1272672
729 1385856
730 1828224
731 1335744
732 858816
733 797472
734 806976
735 766368
736 720576
737 711072
738 712800
739 714528
740 703296
741 727488
742 787104
743 856224
744 998784
745 1061856
746 932256
747 889056
748 863136
749 842400
750 769824
751 785376
752 778464
753 786240
754 7614432
755 4599936
756 1508544
757 1278720
758 1139616
759 1497312
760 1785024
761 1722816
762 1314144
763 2262816
764 6573312
765 2099520
766 2000160
767 1908576
768 1896480
769 1556064
770 1766016
771 2200608
772 3438720
773 1982016
774 1994976
775 1961280
776 1289088
777 1128384
778 973728
779 1563840
780 18499104
781 8843904
782 2045952
783 3564000
784 10410336
785 2945376
786 2395008
787 2241216
788 2194560
789 2117664
790 1881792
791 27650592
792 20786976
793 129384000
794 24979104
795 133922592
796 12168576
797 6084288
798 38218176
799 7989408
800 5123520
801 4383072
802 3774816
803 2874528
804 1901664
805 2725920
806 2767392
807 3204576
808 5591808
809 4676832
810 8122464
811 2524608
812 1766016
813 1680480
814 12272256
815 50351328
816 101774016
817 24617952
818 32877792
819 18086976
820 7782048
821 5201280
822 5332608
823 4339872
824 3817152
825 3496608
826 2932416
827 2438208
828 3244320
829 6377184
830 6600096
831 3658176
832 2725056
833 3297024
834 2396736
835 2268000
836 3193344
837 3093984
838 2281824
839 1412640
840 1389312
841 1417824
842 1358208
843 1334880
844 1627776
845 1706400
846 1582848
847 1757376
848 7637760
849 4726944
850 2740608
851 2519424
852 1618272
853 1780704
854 1855008
855 2024352
856 1473120
857 2379456
858 2613600
859 2203200
860 1680480
861 1876608
862 2071872
863 2452896
864 2519424
865 2454624
866 1494720
867 1499040
868 1944000
869 1912032
870 2185920
871 1594080
872 2047680
873 2701728
874 14319936
875 2936736
876 1831680
877 2720736
878 2757888
879 2654208
880 1723680
881 1913760
882 2542752
883 2115936
884 2659392
885 2624832
886 2575584
887 1570752
888 2500416
889 3141504
890 2761344
891 2998944
892 2536704
893 2476224
894 1537920
895 1242432
896 1694304
897 1841184
898 2398464
899 2478816
900 2447712
901 1486080
902 1402272
903 2439072
904 2155680
905 2309472
906 2539296
907 2809728
908 3210624
909 4469472
910 4987008
911 4966272
912 4126464
913 3504384
914 4578336
915 3396384
916 2208384
917 2638656
918 6862752
919 2948832
920 2320704
921 5939136
922 4109184
923 1613088
924 1369440
925 1383264
926 1259712
927 1202688
928 1190592
929 1150848
930 1145664
931 1081728
932 1074816
933 1043712
934 1071360
935 1023840
936 981504
937 926208
938 901152
939 833760
940 866592
941 1323648
942 2140992
943 1224288
944 793152
945 772416
946 1143072
947 1882656
948 1750464
949 1907712
950 2192832
951 1408320
952 1385856
953 1726272
954 2173824
955 2199744
956 2115936
957 1054080
958 787104
959 792288
960 1830816
961 1644192
962 1774656
963 743904
964 687744
965 676512
966 674784
967 762912
968 1765152
969 2096064
970 1983744
971 1969056
972 942624
973 1362528
974 2115936
975 1442016
976 1872288
977 1992384
978 914976
979 616896
980 603936
981 1705536
982 1901664
983 1885248
984 1858464
985 832032
986 654912
987 653184
988 835488
989 1128384
990 1628640
991 1813536
992 807840
993 983232
994 1389312
995 1601856
996 1748736
997 1649376
998 1483488
999 1950912
1000 2190240
1001 2588544
1002 2229120
1003 2065824
1004 2417472
1005 2295648
1006 2094336
1007 1120608
1008 1230336
1009 1902528
1010 1251072
1011 2218752
1012 2585952
1013 1641600
1014 1529280
1015 1317600
1016 1219104
1017 1226880
1018 1967328
1019 2134944
1020 1348704
1021 1179360
1022 1253664
1023 1519776
1024 1875744
1025 2252448
1026 2415744
1027 1556928
1028 1344384
1029 1807488
1030 2064960
1031 1965600
1032 2464992
1033 2592864
1034 1648512
1035 1372896
1036 1365984
1037 1490400
1038 1657152
1039 1921536
1040 1775520
1041 1578528
1042 1409184
1043 1266624
1044 1056672
1045 1075680
1046 1076544
1047 1058400
1048 876960
1049 800928
1050 794880
1051 806112
1052 818208
1053 793152
1054 921024
1055 908064
1056 1269216
1057 1157760
1058 928800
1059 822528
1060 1772064
1061 2078784
1062 1438560
1063 823392
1064 817344
1065 1225152
1066 2097792
1067 1743552
1068 1498176
1069 1490400
1070 1220832
1071 0.1
1072 1780704
1073 1390176
1074 1724544
1075 1760832
1076 917568
1077 578016
1078 555552
1079 809568
1080 1376352
1081 1816992
1082 1869696
1083 929664
1084 654912
1085 623808
1086 768096
1087 1641600
1088 11136096
1089 3769632
1090 1651104
1091 933120
1092 856224
1093 713664
1094 624672
1095 1502496
1096 1855008
1097 1024704
1098 975456
1099 1219104
1100 1344384
1101 1296000
1102 971136
1103 664416
1104 666144
1105 631584
1106 1379808
1107 889920
1108 1278720
1109 2080512
1110 1948320
1111 1003968
1112 798336
1113 940032
1114 1397088
1115 1724544
1116 1905984
1117 1899936
1118 971136
1119 706752
1120 775008
1121 819072
1122 1143072
1123 1874016
1124 2099520
1125 1372032
1126 895104
1127 949536
1128 1215648
1129 1925856
1130 2125440
1131 2080512
1132 1406592
1133 1070496
1134 970272
1135 1007424
1136 953856
1137 2102112
1138 1864512
1139 1766880
1140 1416096
1141 1380672
1142 1334016
1143 2064960
1144 2242080
1145 2106432
1146 1683072
1147 5088096
1148 33632064
1149 9810720
1150 2752704
1151 2592000
1152 2481408
1153 1806624
1154 1501632
1155 2210112
1156 2395008
1157 2302560
1158 2249856
1159 2201472
1160 1206144
1161 1180224
1162 978912
1163 1134432
1164 17053632
1165 7531488
1166 1978560
1167 1399680
1168 1175040
1169 1064448
1170 1004832
1171 1118880
1172 1218240
1173 2877984
1174 3885408
1175 3314304
1176 2041632
1177 1440288
1178 1184544
1179 1331424
1180 1651104
1181 1830816
1182 1791936
1183 1385856
1184 1186272
1185 1073952
1186 994464
1187 952128
1188 855360
1189 827712
1190 762912
1191 775872
1192 770688
1193 731808
1194 753408
1195 741312
1196 716256
1197 736992
1198 789696
1199 672192
1200 724032
1201 739584
1202 743040
1203 828576
1204 762912
1205 675648
1206 674784
1207 678240
1208 649728
1209 645408
1210 651456
1211 663552
1212 684288
1213 640224
1214 599616
1215 626400
1216 637632
1217 671328
1218 720576
1219 1069632
1220 889056
1221 657504
1222 9656064
1223 2630016
1224 1150848
1225 4393440
1226 13001472
1227 5832864
1228 24042528
1229 33748704
1230 5717952
1231 2223936
1232 1557792
1233 1425600
1234 1180224
1235 1092960
1236 1148256
1237 950400
1238 847584
1239 940032
1240 806976
1241 774144
1242 757728
1243 750816
1244 738720
1245 699840
1246 13327200
1247 19838304
1248 31459104
1249 4605984
1250 2267136
1251 2002752
1252 2144448
1253 5509728
1254 4821120
1255 1515456
1256 1172448
1257 1072224
1258 1067904
1259 978048
1260 866592
1261 816480
1262 815616
1263 793152
1264 771552
1265 758592
1266 706752
1267 703296
1268 718848
1269 667872
1270 662688
1271 628128
1272 632448
1273 1880928
1274 12820896
1275 2587680
1276 1120608
1277 9862560
1278 2743200
1279 20058624
1280 21362400
1281 5210784
1282 2002752
1283 4729536
1284 1782432
1285 1298592
1286 1163808
1287 1083456
1288 975456
1289 944352
1290 946080
1291 819936
1292 806976
1293 803520
1294 798336
1295 758592
1296 756864
1297 821664
1298 730944
1299 623808
1300 606528
1301 578016
1302 615168
1303 575424
1304 9999936
1305 3308256
1306 1092960
1307 831168
1308 711072
1309 705024
1310 655776
1311 587520
1312 547776
1313 538272
1314 520992
1315 525312
1316 508032
1317 491616
1318 666144
1319 611712
1320 612576
1321 609984
1322 477792
1323 484704
1324 454464
1325 396576
1326 425088
1327 425952
1328 415584
1329 467424
1330 496800
1331 455328
1332 466560
1333 395712
1334 482112
1335 368064
1336 361152
1337 309312
1338 361152
1339 381888
1340 326592
1341 370656
1342 382752
1343 375840
1344 533952
1345 397440
1346 316224
1347 298080
1348 306720
1349 304992
1350 311040
1351 305856
1352 290304
1353 295488
1354 279936
1355 283392
1356 294624
1357 415584
1358 334368
1359 339552
1360 360288
1361 374112
1362 348192
1363 390528
1364 366336
1365 379296
1366 393120
1367 419904
1368 425088
1369 463968
1370 400896
1371 368064
1372 343872
1373 335232
1374 377568
1375 333504
1376 314496
1377 358560
1378 352512
1379 364608
1380 342144
1381 279072
1382 280800
1383 267840
1384 290304
1385 279072
1386 253152
1387 224640
1388 266112
1389 265248
1390 257472
1391 259200
1392 300672
1393 250560
1394 222048
1395 241920
1396 225504
1397 184032
1398 155520
1399 177120
1400 171072
1401 184032
1402 187488
1403 157248
1404 252288
1405 213408
1406 265248
1407 222048
1408 210816
1409 181440
1410 216000
1411 235008
1412 228960
1413 215136
1414 190944
1415 202176
1416 212544
1417 190080
1418 165024
1419 163296
1420 180576
1421 233280
1422 220320
1423 194400
1424 188352
1425 168480
1426 196128
1427 195264
1428 190944
1429 177984
1430 192672
1431 206496
1432 176256
1433 181440
1434 182304
1435 175392
1436 221184
1437 241056
1438 230688
1439 237600
1440 239328
1441 228960
1442 239328
1443 213408
1444 222912
1445 207360
1446 161568
1447 193536
1448 152064
1449 188352
1450 202176
1451 257472
1452 266112
1453 244512
1454 224640
1455 201312
1456 190080
1457 3679776
1458 1077408
1459 456192
1460 313632
1461 307584
1462 269568