0	954720
1	935712
2	2553984
3	7439040
4	2107296
5	1508544
6	1304640
7	1194048
8	1124064
9	1029888
10	927936
11	857088
12	900288
13	894240
14	858816
15	1012608
16	1114560
17	938304
18	962496
19	1032480
20	1168992
21	1010880
22	1082592
23	1132704
24	1236384
25	1254528
26	1345248
27	1373760
28	1339200
29	1580256
30	2275776
31	45808416
32	12701664
33	9706176
34	3719520
35	1992384
36	1616544
37	1300320
38	2396736
39	2053728
40	1334880
41	1238112
42	1072224
43	1012608
44	945216
45	1060128
46	940032
47	949536
48	974592
49	1046304
50	1053216
51	1038528
52	1034208
53	1024704
54	975456
55	941760
56	8724672
57	3026592
58	1549152
59	1297728
60	1168128
61	1059264
62	1034208
63	978912
64	1028160
65	969408
66	973728
67	965952
68	1055808
69	1038528
70	1079136
71	998784
72	932256
73	968544
74	15561504
75	13474080
76	6163776
77	2143584
78	1797120
79	6784128
80	1745280
81	6381504
82	5914080
83	3516480
84	14202432
85	19840032
86	3139776
87	1935360
88	1549152
89	1865376
90	2009664
91	1574208
92	1229472
93	3314304
94	1788480
95	1200960
96	1880064
97	2087424
98	1929312
99	1854144
100	1760832
101	1465344
102	962496
103	1581120
104	1912032
105	1626912
106	1578528
107	2153088
108	1744416
109	1151712
110	1680480
111	2033856
112	15266016
113	27606528
114	12826080
115	5697216
116	2695680
117	2076192
118	1554336
119	1360800
120	1257984
121	1210464
122	1179360
123	1150848
124	1130112
125	1143936
126	1289088
127	2011392
128	12659328
129	4296672
130	7490016
131	4387392
132	3773952
133	6391008
134	14297472
135	23849856
136	5738688
137	34661088
138	43887744
139	65208672
140	15977952
141	6892128
142	4570560
143	3812832
144	19997280
145	12392352
146	7685280
147	5292000
148	5417280
149	3745440
150	2805408
151	13709952
152	27944352
153	114767712
154	47144160
155	14351904
156	7083072
157	4724352
158	3959712
159	3955392
160	4023648
161	3814560
162	3570912
163	3055104
164	2177280
165	2206656
166	2892672
167	3204576
168	3257280
169	2447712
170	2067552
171	8190720
172	6625152
173	2985120
174	3157056
175	2571264
176	1943136
177	1800576
178	1735776
179	1635552
180	1510272
181	1526688
182	1509408
183	1483488
184	1518048
185	1454976
186	1416960
187	1408320
188	2966112
189	2992032
190	2468448
191	2477952
192	1638144
193	1460160
194	1443744
195	1422144
196	1829088
197	1347840
198	1279584
199	1370304
200	1451520
201	1322784
202	1250208
203	1207872
204	1101600
205	1097280
206	1137024
207	1254528
208	1295136
209	1548288
210	1374624
211	1322784
212	6961248
213	4705344
214	4946400
215	3021408
216	5101920
217	2193696
218	1725408
219	1670976
220	1238976
221	1110240
222	1118880
223	1058400
224	995328
225	1167264
226	1280448
227	1168128
228	1095552
229	1034208
230	1009152
231	1238112
232	1245024
233	1033344
234	907200
235	1110240
236	1355616
237	1406592
238	1244160
239	1131840
240	1148256
241	980640
242	970272
243	1188864
244	961632
245	1105920
246	1607040
247	1103328
248	1180224
249	1146528
250	1070496
251	1136160
252	1899072
253	1840320
254	1375488
255	1149120
256	1040256
257	1558656
258	1532736
259	1193184
260	1200960
261	1148256
262	1177632
263	1188864
264	1185408
265	1103328
266	1130976
267	1054080
268	1181088
269	1091232
270	961632
271	927072
272	910656
273	1152576
274	1130976
275	1003104
276	953856
277	982368
278	1035072
279	1002240
280	970272
281	892512
282	944352
283	926208
284	964224
285	1029888
286	985824
287	879552
288	822528
289	802656
290	722304
291	703296
292	722304
293	684288
294	812160
295	915840
296	857088
297	873504
298	952992
299	937440
300	873504
301	1535328
302	1363392
303	1182816
304	1257120
305	1446336
306	1492992
307	1442016
308	1033344
309	1037664
310	1263168
311	1818720
312	1588896
313	1492992
314	1131840
315	1175040
316	1406592
317	1456704
318	1382400
319	860544
320	1080000
321	1540512
322	1461024
323	1426464
324	1495584
325	1041120
326	841536
327	849312
328	1384992
329	1431648
330	1509408
331	1412640
332	1021248
333	811296
334	976320
335	2013120
336	1583712
337	1182816
338	1109376
339	924480
340	845856
341	920160
342	1128384
343	1499904
344	1275264
345	1124928
346	927072
347	1632960
348	3592512
349	1616544
350	1322784
351	1293408
352	1251072
353	1029024
354	972000
355	924480
356	922752
357	1204416
358	1305504
359	1365984
360	1097280
361	966816
362	954720
363	988416
364	1292544
365	1364256
366	1222560
367	1168992
368	1134432
369	1100736
370	1168992
371	1170720
372	1180224
373	1192320
374	1215648
375	1295136
376	1357344
377	207851616
378	16165440
379	5422464
380	3068064
381	2090016
382	1639008
383	18463680
384	4525632
385	2120256
386	1562112
387	1486944
388	1382400
389	1348704
390	1276992
391	1143936
392	1156896
393	1200096
394	1154304
395	1130976
396	1079136
397	1041120
398	6048
399	6336
400	935712
401	973728
402	952128
403	947808
404	897696
405	1004832
406	1021248
407	1058400
408	1038528
409	1107648
410	1048032
411	1022976
412	1066176
413	1104192
414	1037664
415	4506624
416	2026080
417	1175904
418	1043712
419	936576
420	941760
421	898560
422	1332288
423	1450656
424	963360
425	924480
426	890784
427	916704
428	888192
429	881280
430	913248
431	8557920
432	12533184
433	1628640
434	1070496
435	1881792
436	8389440
437	30776544
438	25024032
439	3231360
440	1758240
441	1403136
442	1134432
443	981504
444	884736
445	847584
446	1143072
447	1083456
448	855360
449	773280
450	717984
451	12701664
452	5588352
453	1853280
454	1703808
455	1611360
456	1149120
457	760320
458	713664
459	688608
460	1243296
461	1785888
462	1764288
463	1734048
464	1077408
465	900288
466	869184
467	1439424
468	8588160
469	6977664
470	2335392
471	2206656
472	1830816
473	1742688
474	40394592
475	97066080
476	167863104
477	94719456
478	58350240
479	20488032
480	10355040
481	14984352
482	21916224
483	6800544
484	4777920
485	10224576
486	6849792
487	5469984
488	4463424
489	5103648
490	5578848
491	16816896
492	14451264
493	13609728
494	7296480
495	7291296
496	11309760
497	6390144
498	5807808
499	5370624
500	5242752
501	4815936
502	4382208
503	3721248
504	2896992
505	2495232
506	2314656
507	2078784
508	17105472
509	5610816
510	47626272
511	21901536
512	8767008
513	53129088
514	25839648
515	41008032
516	40512960
517	64772352
518	114168096
519	45700416
520	15511392
521	9023616
522	6139584
523	5852736
524	6163776
525	4738176
526	3088800
527	24722496
528	5938272
529	3392928
530	3050784
531	2851200
532	2708640
533	2573856
534	1865376
535	1625184
536	1581984
537	1952640
538	2182464
539	1778976
540	2614464
541	1918944
542	1430784
543	1417824
544	2749248
545	11080800
546	9560160
547	4968864
548	6912000
549	4090176
550	34953984
551	11547360
552	4066848
553	2871936
554	2274048
555	1987200
556	1766016
557	32794848
558	28986336
559	8697024
560	7197984
561	7108992
562	7281792
563	7278336
564	7158240
565	7807104
566	19768320
567	10469088
568	8306496
569	5101056
570	3926016
571	3760128
572	3760128
573	5066496
574	5761152
575	2859840
576	2388096
577	1982880
578	1827360
579	1765152
580	1733184
581	1720224
582	1755648
583	1698624
584	1658016
585	2217888
586	5519232
587	2595456
588	1672704
589	1554336
590	1459296
591	1497312
592	1407456
593	1524960
594	1855008
595	1890432
596	1506816
597	1373760
598	1368576
599	1323648
600	1431648
601	7258464
602	5261760
603	3938112
604	2270592
605	1531008
606	1417824
607	1359936
608	1423872
609	1604448
610	1380672
611	1573344
612	1399680
613	1138752
614	1149984
615	1427328
616	1261440
617	1135296
618	1136160
619	1013472
620	1016064
621	1082592
622	1168992
623	1380672
624	1118016
625	1022976
626	1019520
627	1105056
628	1276128
629	1443744
630	1521504
631	1351296
632	1168128
633	1087776
634	1048896
635	973728
636	938304
637	1068768
638	1037664
639	990144
640	958176
641	914112
642	870048
643	1516320
644	1623456
645	1626912
646	2030400
647	1605312
648	1172448
649	1886976
650	2132352
651	1499040
652	1406592
653	1356480
654	1283040
655	1171584
656	1167264
657	1223424
658	1696896
659	1482624
660	1762560
661	1684800
662	1175904
663	1890432
664	1910304
665	1988928
666	1632096
667	1480032
668	1378944
669	1333152
670	1525824
671	1582848
672	1480896
673	1552608
674	1600992
675	1227744
676	1353888
677	1412640
678	1620864
679	1528416
680	1487808
681	1524096
682	1628640
683	1249344
684	1477440
685	1554336
686	1816992
687	1645056
688	1484352
689	1152576
690	1115424
691	1099872
692	1194048
693	1105056
694	1035072
695	1275264
696	1705536
697	1764288
698	1797984
699	1513728
700	1429920
701	1518912
702	1545696
703	1434240
704	1579392
705	1611360
706	1240704
707	1581120
708	1933632
709	1978560
710	1996704
711	1969920
712	1639872
713	1443744
714	1419552
715	1152576
716	1659744
717	2315520
718	2155680
719	1835136
720	1648512
721	2208384
722	1534464
723	2096928
724	1620864
725	1164672
726	1696896
727	1772064
728	1655424
729	1595808
730	1963872
731	2269728
732	2236032
733	2347488
734	2431296
735	2381184
736	2306016
737	1937952
738	1599264
739	1700352
740	1839456
741	1661472
742	1520640
743	1554336
744	1491264
745	1918944
746	2567808
747	2687040
748	2296512
749	2027808
750	1786752
751	2056320
752	2801952
753	23740128
754	3890592
755	2322432
756	1909440
757	1494720
758	1481760
759	2533248
760	1422144
761	1359072
762	1660608
763	1391040
764	1129248
765	1154304
766	1123200
767	7043328
768	2313792
769	1595808
770	1838592
771	1254528
772	1252800
773	1149984
774	1140480
775	1159488
776	1207008
777	1408320
778	1391904
779	4931712
780	30753216
781	10207296
782	5229792
783	11549088
784	4178304
785	3526848
786	3318624
787	8273664
788	3793824
789	2690496
790	2756160
791	2396736
792	2064096
793	2039904
794	1901664
795	6527520
796	4799520
797	2538432
798	14008896
799	4663008
800	2954016
801	2533248
802	2371680
803	2335392
804	6882624
805	4089312
806	3303072
807	11169792
808	22842432
809	102875616
810	13808448
811	6671808
812	6492960
813	3951072
814	3370464
815	24468480
816	7153920
817	3913920
818	70557696
819	29596320
820	7712064
821	4627584
822	12504672
823	6624288
824	4088448
825	3687552
826	3319488
827	3231360
828	18144
829	17280
830	14688
831	2623104
832	3013632
833	2361312
834	3533760
835	2928096
836	2116800
837	1680480
838	1733184
839	1877472
840	1709856
841	1618272
842	1813536
843	1861920
844	1772928
845	1765152
846	1737504
847	1726272
848	2026080
849	2168640
850	3151008
851	14528160
852	3167424
853	2003616
854	1677888
855	1569024
856	1537920
857	1468800
858	1389312
859	1452384
860	1341792
861	1294272
862	1523232
863	1444608
864	1475712
865	1311552
866	1852416
867	14398560
868	24311232
869	49923648
870	52420608
871	42966720
872	15270336
873	7105536
874	4451328
875	3360960
876	27000864
877	76749120
878	15518304
879	6238080
880	4920480
881	3755808
882	3996864
883	3376512
884	3182976
885	3373920
886	19361376
887	4829760
888	3125088
889	2650752
890	2456352
891	2288736
892	2110752
893	8144928
894	4847904
895	13879296
896	12509856
897	4504032
898	59422464
899	87882624
900	112544640
901	97731360
902	86253120
903	115335360
904	301499712
905	116244288
906	117053856
907	87344352
908	50637312
909	14764896
910	9676800
911	7413120
912	5757696
913	5406912
914	5012064
915	4539456
916	3697920
917	4196448
918	5409504
919	4341600
920	3686688
921	3900096
922	3808512
923	2806272
924	4724352
925	3812832
926	3623616
927	3614112
928	3597696
929	3271968
930	2700000
931	2662848
932	2890080
933	2636064
934	3205440
935	3493152
936	3424032
937	2394144
938	3134592
939	2734560
940	2238624
941	2911680
942	3059424
943	2956608
944	2212704
945	2076192
946	1796256
947	2283552
948	2896128
949	3257280
950	3360096
951	2738016
952	2953152
953	2941056
954	2546208
955	5652288
956	5594400
957	4320000
958	6083424
959	3729024
960	2459808
961	2140992
962	2951424
963	3030048
964	2615328
965	1996704
966	2642112
967	2140128
968	2873664
969	2941056
970	2912544
971	2862432
972	3417984
973	3591648
974	2352672
975	2396736
976	21140352
977	8695296
978	3976992
979	2673216
980	2370816
981	2225664
982	2033856
983	1721952
984	1817856
985	2411424
986	2038176
987	1971648
988	2378592
989	2755296
990	2922048
991	2843424
992	1943136
993	1805760
994	1728000
995	1625184
996	1675296
997	2388096
998	2714688
999	2712096
1000	26398656
1001	5333472
1002	3709152
1003	3282336
1004	2166912
1005	1817856
1006	1747872
1007	1677888
1008	1670112
1009	2496096
1010	2303424
1011	2600640
1012	2619648
1013	1821312
1014	2017440
1015	1989792
1016	1865376
1017	1558656
1018	2168640
1019	2546208
1020	2224800
1021	1708128
1022	1524960
1023	1346112
1024	1378080
1025	2416608
1026	2651616
1027	2475360
1028	1891296
1029	2341440
1030	1967328
1031	1971648
1032	2106432
1033	1644192
1034	1683936
1035	1681344
1036	1591488
1037	1740096
1038	2287008
1039	2619648
1040	2666304
1041	2643840
1042	2088288
1043	1727136
1044	1609632
1045	1748736
1046	1793664
1047	1728864
1048	1836864
1049	1972512
1050	1962144
1051	1943136
1052	2592
1053	2880
1054	3456
1055	3168
1056	2592
1057	2592
1058	2592
1059	2304
1060	1728
1061	1728
1062	1728
1063	1728
1064	1728
1065	1728
1066	1728
1067	1728
1068	1728
1069	1728
1070	1728
1071	1440
1072	1152
1073	1440
1074	1152
1075	1728
1076	1728
1077	1728
1078	2016
1079	2592
1080	2592
1081	2592
1082	2592
1083	2304
1084	1728
1085	1440
1086	864
1087	864
1088	864
1089	1152
1090	2016
1091	2592
1092	2304
1093	2016
1094	2592
1095	2880
1096	3744
1097	4896
1098	6048
1099	5184
1100	3456
1101	3456
1102	3168
1103	2592
1104	2880
1105	3168
1106	2592
1107	2592
1108	2592
1109	2304
1110	1728
1111	1728
1112	1728
1113	2016
1114	2592
1115	2028672
1116	2375136
1117	2426976
1118	1995840
1119	1907712
1120	1866240
1121	1956960
1122	2479680
1123	2591136
1124	2528928
1125	2198016
1126	2097792
1127	2077056
1128	2846016
1129	3395520
1130	5334336
1131	3025728
1132	2248128
1133	2268000
1134	2196288
1135	2614464
1136	2777760
1137	2662848
1138	2572992
1139	1971648
1140	2065824
1141	1994976
1142	1844640
1143	2298240
1144	4564512
1145	7610112
1146	1387584
1147	1080864
1148	1442880
1149	1683072
1150	1517184
1151	1485216
1152	1473984
1153	1029888
1154	989280
1155	1129248
1156	1271808
1157	1386720
1158	1386720
1159	1384992
1160	952992
1161	825984
1162	837216
1163	1168992
1164	1470528
1165	1469664
1166	1477440
1167	1110240
1168	1040256
1169	1037664
1170	1397952
1171	1553472
1172	1552608
1173	1562112
1174	1402272
1175	1167264
1176	1116288
1177	952992
1178	906336
1179	828576
1180	813024
1181	807840
1182	862272
1183	931392
1184	839808
1185	873504
1186	1059264
1187	1296000
1188	1296000
1189	1028160
1190	891648
1191	878688
1192	1199232
1193	1552608
1194	1636416
1195	1539648
1196	1715040
1197	1277856
1198	1083456
1199	1289088
1200	1151712
1201	818208
1202	806976
1203	800928
1204	1289952
1205	1417824
1206	61813152
1207	21346848
1208	12525408
1209	22037184
1210	3760128
1211	2759616
1212	2304288
1213	2979072
1214	2204064
1215	1755648
1216	1672704
1217	1592352
1218	1572480
1219	1590624
1220	2625696
1221	2686176
1222	2620512
1223	2647296
1224	5389632
1225	2625696
1226	2229120
1227	2125440
1228	1484352
1229	1635552
1230	3594240
1231	3350592
1232	3506976
1233	2756160
1234	2849472
1235	2941056
1236	2939328
1237	2940192
1238	2951424
1239	2929824
1240	3374784
1241	3061152
1242	2696544
1243	2713824
1244	2721600
1245	4226688
1246	15316128
1247	8905248
1248	3449088
1249	3378240
1250	4096224
1251	4029696
1252	3636576
1253	3278880
1254	2864160
1255	2467584
1256	2828736
1257	2943648
1258	2946240
1259	7831296
1260	7950528
1261	3786912
1262	47121696
1263	9022752
1264	3093120
1265	2525472
1266	2049408
1267	1864512
1268	2065824
1269	2166912
1270	21485088
1271	17764704
1272	4331232
1273	24595488
1274	9614592
1275	3977856
1276	2808000
1277	22046688
1278	4883328
1279	3189024
1280	3097440
1281	3514752
1282	3239136
1283	3119904
1284	2623104
1285	3109536
1286	3108672
1287	17728416
1288	11829888
1289	61147872
1290	55529280
1291	9995616
1292	5847552
1293	4358016
1294	3710016
1295	2554848
1296	2047680
1297	1962144
1298	9504
1299	9216
1300	2078784
1301	1575936
1302	3551040
1303	5314464
1304	2024352
1305	1734912
1306	1610496
1307	1904256
1308	2279232
1309	1675296
1310	2261952
1311	2096928
1312	2242944
1313	2140128
1314	2098656
1315	2099520
1316	1464480
1317	1381536
1318	1438560
1319	1610496
1320	1880064
1321	1581984
1322	1448928
1323	1202688
1324	1130976
1325	1172448
1326	6912
1327	6912
1328	6912
1329	2348352
1330	1429920
1331	1108512
1332	1060992
1333	1110240
1334	1181088
1335	1194048
1336	1490400
1337	1354752
1338	1395360
1339	1912032
1340	2201472
1341	2150496
1342	2147040
1343	1388448
1344	1220832
1345	1238112
1346	1762560
1347	2277504
1348	2130624
1349	1175040
1350	1000512
1351	983232
1352	994464
1353	1092096
1354	981504
1355	942624
1356	1122336
1357	1287360
1358	1233792
1359	1404864
1360	1150848
1361	1374624
1362	2025216
1363	1739232
1364	1232064
1365	1421280
1366	1264896
1367	1300320
1368	2074464
1369	2225664
1370	1734048
1371	1602720
1372	2184192
1373	1461024
1374	1802304
1375	2157408
1376	2066688
1377	1293408
1378	1519776
1379	1584576
1380	1248480
1381	912384
1382	1722816
1383	2032992
1384	1814400
1385	1643328
1386	1271808
1387	1100736
1388	1113696
1389	1706400
1390	1707264
1391	1160352
1392	963360
1393	1255392
1394	1118016
1395	1016928
1396	1058400
1397	902016
1398	905472
1399	933120
1400	941760
1401	876096
1402	845856
1403	946080
1404	1281312
1405	1256256
1406	1187136
1407	1108512
1408	869184
1409	807840
1410	714528
1411	666144
1412	724896
1413	718848
1414	743040
1415	756000
1416	830304
1417	814752
1418	765504
1419	806112
1420	801792
1421	870912
1422	1042848
1423	1478304
1424	1857600
1425	1841184
1426	1353888
1427	1056672
1428	1283040
1429	1031616
1430	1268352
1431	1770336
1432	1740960
1433	1700352
1434	1004832
1435	889056
1436	1019520
1437	940896
1438	1001376
1439	774144
1440	746496
1441	765504
1442	776736
1443	766368
1444	743904
1445	721440
1446	698976
1447	679968
1448	740448
1449	786240
1450	862272
1451	866592
1452	1071360
1453	1454112
1454	1507680
1455	1054944
1456	1272672
1457	1385856
1458	1828224
1459	1335744
1460	858816
1461	797472
1462	806976
1463	766368
1464	720576
1465	711072
1466	712800
1467	714528
1468	703296
1469	727488
1470	787104
1471	856224
1472	998784
1473	1061856
1474	932256
1475	889056
1476	863136
1477	842400
1478	769824
1479	785376
1480	778464
1481	786240
1482	7614432
1483	4599936
1484	1508544
1485	1278720
1486	1139616
1487	1497312
1488	1785024
1489	1722816
1490	1314144
1491	2262816
1492	6573312
1493	2099520
1494	2000160
1495	1908576
1496	1896480
1497	1556064
1498	1766016
1499	2200608
1500	3438720
1501	1982016
1502	1994976
1503	1961280
1504	1289088
1505	1128384
1506	973728
1507	1563840
1508	18499104
1509	8843904
1510	2045952
1511	3564000
1512	10410336
1513	2945376
1514	2395008
1515	2241216
1516	2194560
1517	2117664
1518	1881792
1519	27650592
1520	20786976
1521	129384000
1522	24979104
1523	133922592
1524	12168576
1525	6084288
1526	38218176
1527	7989408
1528	5123520
1529	4383072
1530	3774816
1531	2874528
1532	1901664
1533	2725920
1534	2767392
1535	3204576
1536	5591808
1537	4676832
1538	8122464
1539	2524608
1540	1766016
1541	1680480
1542	12272256
1543	50351328
1544	101774016
1545	24617952
1546	32877792
1547	18086976
1548	7782048
1549	5201280
1550	5332608
1551	4339872
1552	3817152
1553	3496608
1554	2932416
1555	2438208
1556	3244320
1557	6377184
1558	6600096
1559	3658176
1560	2725056
1561	3297024
1562	2396736
1563	2268000
1564	3193344
1565	3093984
1566	2281824
1567	1412640
1568	1389312
1569	1417824
1570	1358208
1571	1334880
1572	1627776
1573	1706400
1574	1582848
1575	1757376
1576	7637760
1577	4726944
1578	2740608
1579	2519424
1580	1618272
1581	1780704
1582	1855008
1583	2024352
1584	1473120
1585	2379456
1586	2613600
1587	2203200
1588	1680480
1589	1876608
1590	2071872
1591	2452896
1592	2519424
1593	2454624
1594	1494720
1595	1499040
1596	1944000
1597	1912032
1598	2185920
1599	1594080
1600	2047680
1601	2701728
1602	14319936
1603	2936736
1604	1831680
1605	2720736
1606	2757888
1607	2654208
1608	1723680
1609	1913760
1610	2542752
1611	2115936
1612	2659392
1613	2624832
1614	2575584
1615	1570752
1616	2500416
1617	3141504
1618	2761344
1619	2998944
1620	2536704
1621	2476224
1622	1537920
1623	1242432
1624	1694304
1625	1841184
1626	2398464
1627	2478816
1628	2447712
1629	1486080
1630	1402272
1631	2439072
1632	2155680
1633	2309472
1634	2539296
1635	2809728
1636	3210624
1637	4469472
1638	4987008
1639	4966272
1640	4126464
1641	3504384
1642	4578336
1643	3396384
1644	2208384
1645	2638656
1646	6862752
1647	2948832
1648	2320704
1649	5939136
1650	4109184
1651	1613088
1652	1369440
1653	1383264
1654	1259712
1655	1202688
1656	1190592
1657	1150848
1658	1145664
1659	1081728
1660	1074816
1661	1043712
1662	1071360
1663	1023840
1664	981504
1665	926208
1666	901152
1667	833760
1668	866592
1669	1323648
1670	2140992
1671	1224288
1672	793152
1673	772416
1674	1143072
1675	1882656
1676	1750464
1677	1907712
1678	2192832
1679	1408320
1680	1385856
1681	1726272
1682	2173824
1683	2199744
1684	2115936
1685	1054080
1686	787104
1687	792288
1688	1830816
1689	1644192
1690	1774656
1691	743904
1692	687744
1693	676512
1694	674784
1695	762912
1696	1765152
1697	2096064
1698	1983744
1699	1969056
1700	942624
1701	1362528
1702	2115936
1703	1442016
1704	1872288
1705	1992384
1706	914976
1707	616896
1708	603936
1709	1705536
1710	1901664
1711	1885248
1712	1858464
1713	832032
1714	654912
1715	653184
1716	835488
1717	1128384
1718	1628640
1719	1813536
1720	807840
1721	983232
1722	1389312
1723	1601856
1724	1748736
1725	1649376
1726	1483488
1727	1950912
1728	2190240
1729	2588544
1730	2229120
1731	2065824
1732	2417472
1733	2295648
1734	2094336
1735	1120608
1736	1230336
1737	1902528
1738	1251072
1739	2218752
1740	2585952
1741	1641600
1742	1529280
1743	1317600
1744	1219104
1745	1226880
1746	1967328
1747	2134944
1748	1348704
1749	1179360
1750	1253664
1751	1519776
1752	1875744
1753	2252448
1754	2415744
1755	1556928
1756	1344384
1757	1807488
1758	2064960
1759	1965600
1760	2464992
1761	2592864
1762	1648512
1763	1372896
1764	1365984
1765	1490400
1766	1657152
1767	1921536
1768	1775520
1769	1578528
1770	1409184
1771	1266624
1772	1056672
1773	1075680
1774	1076544
1775	1058400
1776	876960
1777	800928
1778	794880
1779	806112
1780	818208
1781	793152
1782	921024
1783	908064
1784	1269216
1785	1157760
1786	928800
1787	822528
1788	1772064
1789	2078784
1790	1438560
1791	823392
1792	817344
1793	1225152
1794	2097792
1795	1743552
1796	1498176
1797	1490400
1798	1220832
1799	0.1
1800	1780704
1801	1390176
1802	1724544
1803	1760832
1804	917568
1805	578016
1806	555552
1807	809568
1808	1376352
1809	1816992
1810	1869696
1811	929664
1812	654912
1813	623808
1814	768096
1815	1641600
1816	11136096
1817	3769632
1818	1651104
1819	933120
1820	856224
1821	713664
1822	624672
1823	1502496
1824	1855008
1825	1024704
1826	975456
1827	1219104
1828	1344384
1829	1296000
1830	971136
1831	664416
1832	666144
1833	631584
1834	1379808
1835	889920
1836	1278720
1837	2080512
1838	1948320
1839	1003968
1840	798336
1841	940032
1842	1397088
1843	1724544
1844	1905984
1845	1899936
1846	971136
1847	706752
1848	775008
1849	819072
1850	1143072
1851	1874016
1852	2099520
1853	1372032
1854	895104
1855	949536
1856	1215648
1857	1925856
1858	2125440
1859	2080512
1860	1406592
1861	1070496
1862	970272
1863	1007424
1864	953856
1865	2102112
1866	1864512
1867	1766880
1868	1416096
1869	1380672
1870	1334016
1871	2064960
1872	2242080
1873	2106432
1874	1683072
1875	5088096
1876	33632064
1877	9810720
1878	2752704
1879	2592000
1880	2481408
1881	1806624
1882	1501632
1883	2210112
1884	2395008
1885	2302560
1886	2249856
1887	2201472
1888	1206144
1889	1180224
1890	978912
1891	1134432
1892	17053632
1893	7531488
1894	1978560
1895	1399680
1896	1175040
1897	1064448
1898	1004832
1899	1118880
1900	1218240
1901	2877984
1902	3885408
1903	3314304
1904	2041632
1905	1440288
1906	1184544
1907	1331424
1908	1651104
1909	1830816
1910	1791936
1911	1385856
1912	1186272
1913	1073952
1914	994464
1915	952128
1916	855360
1917	827712
1918	762912
1919	775872
1920	770688
1921	731808
1922	753408
1923	741312
1924	716256
1925	736992
1926	789696
1927	672192
1928	724032
1929	739584
1930	743040
1931	828576
1932	762912
1933	675648
1934	674784
1935	678240
1936	649728
1937	645408
1938	651456
1939	663552
1940	684288
1941	640224
1942	599616
1943	626400
1944	637632
1945	671328
1946	720576
1947	1069632
1948	889056
1949	657504
1950	9656064
1951	2630016
1952	1150848
1953	4393440
1954	13001472
1955	5832864
1956	24042528
1957	33748704
1958	5717952
1959	2223936
1960	1557792
1961	1425600
1962	1180224
1963	1092960
1964	1148256
1965	950400
1966	847584
1967	940032
1968	806976
1969	774144
1970	757728
1971	750816
1972	738720
1973	699840
1974	13327200
1975	19838304
1976	31459104
1977	4605984
1978	2267136
1979	2002752
1980	2144448
1981	5509728
1982	4821120
1983	1515456
1984	1172448
1985	1072224
1986	1067904
1987	978048
1988	866592
1989	816480
1990	815616
1991	793152
1992	771552
1993	758592
1994	706752
1995	703296
1996	718848
1997	667872
1998	662688
1999	628128
2000	632448
2001	1880928
2002	12820896
2003	2587680
2004	1120608
2005	9862560
2006	2743200
2007	20058624
2008	21362400
2009	5210784
2010	2002752
2011	4729536
2012	1782432
2013	1298592
2014	1163808
2015	1083456
2016	975456
2017	944352
2018	946080
2019	819936
2020	806976
2021	803520
2022	798336
2023	758592
2024	756864
2025	821664
2026	730944
2027	623808
2028	606528
2029	578016
2030	615168
2031	575424
2032	9999936
2033	3308256
2034	1092960
2035	831168
2036	711072
2037	705024
2038	655776
2039	587520
2040	547776
2041	538272
2042	520992
2043	525312
2044	508032
2045	491616
2046	666144
2047	611712
2048	612576
2049	609984
2050	477792
2051	484704
2052	454464
2053	396576
2054	425088
2055	425952
2056	415584
2057	467424
2058	496800
2059	455328
2060	466560
2061	395712
2062	482112
2063	368064
2064	361152
2065	309312
2066	361152
2067	381888
2068	326592
2069	370656
2070	382752
2071	375840
2072	533952
2073	397440
2074	316224
2075	298080
2076	306720
2077	304992
2078	311040
2079	305856
2080	290304
2081	295488
2082	279936
2083	283392
2084	294624
2085	415584
2086	334368
2087	339552
2088	360288
2089	374112
2090	348192
2091	390528
2092	366336
2093	379296
2094	393120
2095	419904
2096	425088
2097	463968
2098	400896
2099	368064
2100	343872
2101	335232
2102	377568
2103	333504
2104	314496
2105	358560
2106	352512
2107	364608
2108	342144
2109	279072
2110	280800
2111	267840
2112	290304
2113	279072
2114	253152
2115	224640
2116	266112
2117	265248
2118	257472
2119	259200
2120	300672
2121	250560
2122	222048
2123	241920
2124	225504
2125	184032
2126	155520
2127	177120
2128	171072
2129	184032
2130	187488
2131	157248
2132	252288
2133	213408
2134	265248
2135	222048
2136	210816
2137	181440
2138	216000
2139	235008
2140	228960
2141	215136
2142	190944
2143	202176
2144	212544
2145	190080
2146	165024
2147	163296
2148	180576
2149	233280
2150	220320
2151	194400
2152	188352
2153	168480
2154	196128
2155	195264
2156	190944
2157	177984
2158	192672
2159	206496
2160	176256
2161	181440
2162	182304
2163	175392
2164	221184
2165	241056
2166	230688
2167	237600
2168	239328
2169	228960
2170	239328
2171	213408
2172	222912
2173	207360
2174	161568
2175	193536
2176	152064
2177	188352
2178	202176
2179	257472
2180	266112
2181	244512
2182	224640
2183	201312
2184	190080
2185	3679776
2186	1077408
2187	456192
2188	313632
2189	307584
2190	269568