0	11232
1	51840
2	14688
3	12960
4	10368
5	8640
6	8640
7	6912
8	6048
9	6048
10	5184
11	4320
12	4320
13	4320
14	3456
15	2592
16	2592
17	2592
18	3456
19	3456
20	2592
21	2592
22	2592
23	2592
24	2592
25	2592
26	2592
27	3456
28	3456
29	4320
30	5184
31	9504
32	8640
33	10368
34	9504
35	8640
36	7776
37	7776
38	8640
39	8640
40	8640
41	8640
42	9504
43	8640
44	7776
45	7776
46	7776
47	7776
48	8640
49	8640
50	7776
51	6048
52	6048
53	6048
54	6048
55	6048
56	10368
57	9504
58	8640
59	8640
60	8640
61	8640
62	8640
63	8640
64	8640
65	8640
66	8640
67	9504
68	8640
69	8640
70	8640
71	8640
72	9504
73	9504
74	12096
75	15552
76	15552
77	13824
78	12096
79	14688
80	12960
81	15552
82	16416
83	16416
84	21600
85	42336
86	25920
87	21600
88	19008
89	18144
90	16416
91	15552
92	12960
93	13824
94	11232
95	11232
96	12960
97	11232
98	11232
99	11232
100	11232
101	11232
102	11232
103	11232
104	9504
105	9504
106	9504
107	9504
108	8640
109	8640
110	9504
111	9504
112	12960
113	23328
114	20736
115	19008
116	16416
117	15552
118	14688
119	12960
120	11232
121	11232
122	11232
123	10368
124	9504
125	9504
126	9504
127	11232
128	17280
129	16416
130	19872
131	20736
132	19008
133	19008
134	19008
135	31968
136	27648
137	42336
138	70848
139	89856
140	57024
141	42336
142	35424
143	32832
144	32832
145	32832
146	31968
147	28512
148	27648
149	25920
150	25920
151	26784
152	31104
153	62208
154	112320
155	137376
156	118368
157	89856
158	76032
159	63936
160	52704
161	48384
162	45792
163	44064
164	42336
165	38880
166	35424
167	33696
168	9504
169	9504
170	8640
171	12960
172	12960
173	8640
174	8640
175	8640
176	7776
177	7776
178	6912
179	6048
180	5184
181	5184
182	5184
183	5184
184	4320
185	3456
186	3456
187	2592
188	2592
189	2592
190	3456
191	2592
192	2592
193	1728
194	1728
195	1728
196	1728
197	1728
198	1728
199	1728
200	1728
201	864
202	864
203	864
204	864
205	864
206	864
207	864
208	864
209	864
210	864
211	864
212	1728
213	1728
214	1728
215	1728
216	7776
217	8640
218	8640
219	8640
220	7776
221	7776
222	7776
223	6912
224	7776
225	6912
226	6048
227	5184
228	4320
229	4320
230	4320
231	4320
232	4320
233	4320
234	4320
235	5184
236	5184
237	4320
238	4320
239	5184
240	5184
241	5184
242	6048
243	6048
244	5184
245	5184
246	6048
247	6048
248	5184
249	4320
250	4320
251	4320
252	4320
253	4320
254	4320
255	4320
256	4320
257	864
258	0.1
259	2592
260	2592
261	2592
262	2592
263	1728
264	1728
265	1728
266	1728
267	1728
268	1728
269	864
270	864
271	864
272	0.1
273	864
274	864
275	864
276	864
277	864
278	0.1
279	0.1
280	0.1
281	0.1
282	0.1
283	0.1
284	0.1
285	0.1
286	0.1
287	0.1
288	0.1
289	0.1
290	0.1
291	0.1
292	0.1
293	0.1
294	0.1
295	0.1
296	0.1
297	0.1
298	0.1
299	0.1
300	0.1
301	0.1
302	0.1
303	0.1
304	0.1
305	0.1
306	0.1
307	0.1
308	0.1
309	0.1
310	0.1
311	0.1
312	0.1
313	0.1
314	0.1
315	0.1
316	0.1
317	0.1
318	0.1
319	0.1
320	0.1
321	0.1
322	0.1
323	0.1
324	0.1
325	0.1
326	0.1
327	0.1
328	0.1
329	0.1
330	0.1
331	0.1
332	0.1
333	0.1
334	0.1
335	0.1
336	0.1
337	0.1
338	0.1
339	0.1
340	0.1
341	0.1
342	0.1
343	0.1
344	0.1
345	0.1
346	0.1
347	0.1
348	0.1
349	0.1
350	0.1
351	0.1
352	0.1
353	0.1
354	0.1
355	0.1
356	0.1
357	0.1
358	0.1
359	0.1
360	0.1
361	0.1
362	0.1
363	0.1
364	0.1
365	0.1
366	0.1
367	0.1
368	0.1
369	0.1
370	0.1
371	0.1
372	0.1
373	0.1
374	864
375	1728
376	1728
377	27648
378	11232
379	9504
380	8640
381	8640
382	8640
383	12096
384	10368
385	9504
386	9504
387	9504
388	9504
389	9504
390	9504
391	9504
392	9504
393	9504
394	9504
395	9504
396	9504
397	9504
398	9504
399	9504
400	11232
401	11232
402	11232
403	11232
404	11232
405	12960
406	13824
407	12960
408	13824
409	15552
410	14688
411	15552
412	15552
413	14688
414	14688
415	16416
416	16416
417	16416
418	16416
419	16416
420	16416
421	16416
422	16416
423	16416
424	16416
425	16416
426	16416
427	19008
428	19872
429	19872
430	19872
431	21600
432	26784
433	24192
434	24192
435	25056
436	28512
437	31968
438	36288
439	31104
440	30240
441	28512
442	27648
443	27648
444	26784
445	25920
446	26784
447	25920
448	25920
449	25920
450	25920
451	30240
452	28512
453	28512
454	27648
455	26784
456	25920
457	25920
458	25920
459	25920
460	25920
461	25920
462	25920
463	24192
464	24192
465	24192
466	24192
467	25056
468	25056
469	23328
470	19872
471	19872
472	17280
473	19872
474	46656
475	133056
476	147744
477	75168
478	49248
479	39744
480	28512
481	26784
482	26784
483	21600
484	19008
485	20736
486	17280
487	14688
488	13824
489	14688
490	12960
491	41472
492	29376
493	38880
494	28512
495	25056
496	25920
497	20736
498	16416
499	14688
500	13824
501	12960
502	12096
503	11232
504	9504
505	9504
506	9504
507	8640
508	10368
509	8640
510	20736
511	19872
512	13824
513	50112
514	36288
515	24192
516	18144
517	19008
518	343008
519	63072
520	38880
521	29376
522	25056
523	21600
524	20736
525	19008
526	17280
527	46656
528	28512
529	19872
530	17280
531	14688
532	12960
533	11232
534	10368
535	9504
536	9504
537	9504
538	8640
539	8640
540	8640
541	7776
542	6912
543	6048
544	6912
545	8640
546	8640
547	6912
548	6912
549	6912
550	21600
551	15552
552	9504
553	8640
554	7776
555	6912
556	7776
557	19872
558	23328
559	15552
560	10368
561	8640
562	8640
563	12096
564	18144
565	19008
566	22464
567	22464
568	19872
569	18144
570	17280
571	16416
572	16416
573	18144
574	19008
575	16416
576	16416
577	16416
578	15552
579	15552
580	14688
581	14688
582	14688
583	14688
584	14688
585	16416
586	17280
587	16416
588	15552
589	15552
590	15552
591	15552
592	15552
593	16416
594	16416
595	16416
596	16416
597	16416
598	17280
599	17280
600	18144
601	20736
602	19872
603	20736
604	20736
605	19872
606	19008
607	19008
608	19872
609	19872
610	19872
611	19008
612	19008
613	15552
614	8640
615	8640
616	9504
617	9504
618	8640
619	8640
620	8640
621	7776
622	6912
623	4320
624	4320
625	4320
626	4320
627	4320
628	3456
629	3456
630	3456
631	4320
632	4320
633	4320
634	3456
635	3456
636	3456
637	3456
638	3456
639	3456
640	3456
641	3456
642	3456
643	3456
644	4320
645	4320
646	4320
647	4320
648	4320
649	3456
650	3456
651	3456
652	2592
653	2592
654	1728
655	1728
656	1728
657	1728
658	2592
659	2592
660	2592
661	2592
662	2592
663	3456
664	3456
665	3456
666	2592
667	3456
668	3456
669	3456
670	2592
671	2592
672	2592
673	3456
674	2592
675	2592
676	3456
677	3456
678	2592
679	2592
680	1728
681	1728
682	1728
683	2592
684	2592
685	2592
686	2592
687	2592
688	2592
689	2592
690	2592
691	2592
692	2592
693	1728
694	1728
695	1728
696	1728
697	2592
698	2592
699	1728
700	1728
701	1728
702	1728
703	1728
704	1728
705	1728
706	1728
707	3456
708	3456
709	3456
710	3456
711	2592
712	3456
713	3456
714	3456
715	3456
716	4320
717	3456
718	3456
719	3456
720	3456
721	3456
722	2592
723	2592
724	1728
725	1728
726	1728
727	864
728	864
729	864
730	1728
731	1728
732	1728
733	2592
734	2592
735	3456
736	4320
737	4320
738	4320
739	4320
740	3456
741	3456
742	3456
743	3456
744	2592
745	3456
746	6048
747	5184
748	5184
749	5184
750	5184
751	6048
752	6048
753	10368
754	7776
755	7776
756	6912
757	6912
758	7776
759	6048
760	6048
761	6048
762	5184
763	5184
764	5184
765	5184
766	6048
767	7776
768	6912
769	6048
770	6048
771	6048
772	6048
773	5184
774	5184
775	5184
776	4320
777	4320
778	5184
779	7776
780	15552
781	13824
782	11232
783	12096
784	11232
785	11232
786	11232
787	13824
788	12096
789	11232
790	11232
791	11232
792	9504
793	9504
794	9504
795	12096
796	10368
797	9504
798	19008
799	17280
800	13824
801	12960
802	12960
803	12960
804	14688
805	13824
806	13824
807	19008
808	31104
809	63072
810	26784
811	22464
812	20736
813	18144
814	16416
815	21600
816	18144
817	18144
818	85536
819	50112
820	29376
821	25920
822	25056
823	26784
824	22464
825	19872
826	19872
827	18144
828	18144
829	18144
830	13824
831	12960
832	12960
833	10368
834	11232
835	9504
836	9504
837	9504
838	9504
839	9504
840	9504
841	9504
842	9504
843	9504
844	9504
845	9504
846	9504
847	9504
848	9504
849	9504
850	10368
851	12096
852	11232
853	10368
854	9504
855	11232
856	11232
857	11232
858	11232
859	14688
860	13824
861	12096
862	14688
863	14688
864	14688
865	16416
866	16416
867	19872
868	21600
869	48384
870	102816
871	57888
872	31968
873	25920
874	24192
875	22464
876	52704
877	208224
878	58752
879	37152
880	29376
881	26784
882	25056
883	24192
884	21600
885	22464
886	24192
887	21600
888	20736
889	19872
890	18144
891	15552
892	14688
893	14688
894	14688
895	19008
896	19872
897	17280
898	103680
899	589248
900	412128
901	165024
902	112320
903	300672
904	8931168
905	18849024
906	18308160
907	14102208
908	10228896
909	7540128
910	5921856
911	4630176
912	3714336
913	3015360
914	2522016
915	2153088
916	1851552
917	1595808
918	1487808
919	1408320
920	1244160
921	1128384
922	1075680
923	953856
924	908928
925	810432
926	664416
927	279072
928	66528
929	26784
930	23328
931	24192
932	21600
933	19872
934	19008
935	19008
936	18144
937	17280
938	16416
939	15552
940	15552
941	15552
942	15552
943	14688
944	14688
945	14688
946	13824
947	13824
948	13824
949	13824
950	13824
951	11232
952	11232
953	11232
954	11232
955	12960
956	14688
957	14688
958	15552
959	15552
960	15552
961	15552
962	16416
963	17280
964	18144
965	19008
966	20736
967	20736
968	21600
969	21600
970	21600
971	20736
972	19872
973	19008
974	17280
975	18144
976	18144
977	13824
978	12096
979	9504
980	9504
981	6912
982	6912
983	6048
984	6048
985	6048
986	6048
987	6048
988	6048
989	6048
990	6048
991	6048
992	6048
993	6048
994	6048
995	6048
996	6048
997	6048
998	6048
999	6048
1000	12960
1001	6912
1002	6048
1003	5184
1004	5184
1005	4320
1006	3456
1007	2592
1008	2592
1009	2592
1010	2592
1011	2592
1012	2592
1013	3456
1014	3456
1015	4320
1016	3456
1017	4320
1018	4320
1019	4320
1020	4320
1021	3456
1022	3456
1023	3456
1024	3456
1025	3456
1026	2592
1027	3456
1028	2592
1029	2592
1030	2592
1031	2592
1032	2592
1033	2592
1034	2592
1035	2592
1036	2592
1037	2592
1038	2592
1039	2592
1040	3456
1041	3456
1042	3456
1043	3456
1044	3456
1045	3456
1046	2592
1047	2592
1048	2592
1049	2592
1050	2592
1051	2592
1052	3456
1053	3456
1054	3456
1055	3456
1056	2592
1057	2592
1058	2592
1059	1728
1060	1728
1061	1728
1062	1728
1063	1728
1064	1728
1065	1728
1066	1728
1067	1728
1068	1728
1069	1728
1070	1728
1071	864
1072	864
1073	864
1074	864
1075	1728
1076	1728
1077	1728
1078	1728
1079	2592
1080	2592
1081	2592
1082	2592
1083	1728
1084	1728
1085	864
1086	864
1087	864
1088	864
1089	1728
1090	1728
1091	1728
1092	1728
1093	1728
1094	2592
1095	2592
1096	3456
1097	5184
1098	6912
1099	3456
1100	3456
1101	3456
1102	2592
1103	2592
1104	3456
1105	3456
1106	2592
1107	2592
1108	2592
1109	1728
1110	1728
1111	1728
1112	1728
1113	1728
1114	2592
1115	2592
1116	1728
1117	1728
1118	1728
1119	2592
1120	2592
1121	2592
1122	2592
1123	2592
1124	2592
1125	2592
1126	2592
1127	2592
1128	2592
1129	3456
1130	5184
1131	6048
1132	6048
1133	5184
1134	5184
1135	6048
1136	6048
1137	6048
1138	6048
1139	6048
1140	5184
1141	4320
1142	4320
1143	5184
1144	7776
1145	8640
1146	8640
1147	6912
1148	7776
1149	8640
1150	6912
1151	6912
1152	8640
1153	8640
1154	8640
1155	8640
1156	7776
1157	6048
1158	6048
1159	6912
1160	7776
1161	8640
1162	8640
1163	9504
1164	10368
1165	10368
1166	10368
1167	10368
1168	10368
1169	10368
1170	10368
1171	10368
1172	10368
1173	10368
1174	10368
1175	8640
1176	6048
1177	6048
1178	4320
1179	4320
1180	6048
1181	6048
1182	6048
1183	6048
1184	6048
1185	6048
1186	6048
1187	6048
1188	6048
1189	6048
1190	6048
1191	6048
1192	7776
1193	6912
1194	6912
1195	7776
1196	8640
1197	8640
1198	8640
1199	8640
1200	8640
1201	8640
1202	8640
1203	8640
1204	8640
1205	6048
1206	52704
1207	50976
1208	34560
1209	38880
1210	29376
1211	28512
1212	25920
1213	20736
1214	19008
1215	17280
1216	17280
1217	15552
1218	14688
1219	12960
1220	12096
1221	11232
1222	9504
1223	10368
1224	9504
1225	8640
1226	6912
1227	5184
1228	5184
1229	5184
1230	7776
1231	6048
1232	6048
1233	5184
1234	5184
1235	5184
1236	6048
1237	6048
1238	5184
1239	5184
1240	5184
1241	4320
1242	4320
1243	6048
1244	5184
1245	5184
1246	6912
1247	6912
1248	6048
1249	6048
1250	6048
1251	6048
1252	6048
1253	6048
1254	6048
1255	6048
1256	6048
1257	6048
1258	6048
1259	7776
1260	9504
1261	8640
1262	27648
1263	18144
1264	13824
1265	12096
1266	11232
1267	10368
1268	10368
1269	10368
1270	22464
1271	21600
1272	12960
1273	16416
1274	14688
1275	12096
1276	10368
1277	19872
1278	15552
1279	12960
1280	12096
1281	10368
1282	10368
1283	9504
1284	9504
1285	9504
1286	9504
1287	11232
1288	12096
1289	35424
1290	35424
1291	16416
1292	13824
1293	12096
1294	11232
1295	10368
1296	10368
1297	9504
1298	9504
1299	9504
1300	9504
1301	9504
1302	10368
1303	11232
1304	9504
1305	9504
1306	9504
1307	9504
1308	9504
1309	9504
1310	9504
1311	9504
1312	8640
1313	8640
1314	8640
1315	6912
1316	6912
1317	6912
1318	6912
1319	6912
1320	6912
1321	6912
1322	6912
1323	6912
1324	6912
1325	6912
1326	6912
1327	6912
1328	6912
1329	6048
1330	6048
1331	6912
1332	6912
1333	6912
1334	6912
1335	7776
1336	6912
1337	6048
1338	6048
1339	6048
1340	6048
1341	6048
1342	6048
1343	6048
1344	6048
1345	6048
1346	5184
1347	5184
1348	5184
1349	4320
1350	4320
1351	5184
1352	4320
1353	4320
1354	3456
1355	3456
1356	3456
1357	3456
1358	2592
1359	2592
1360	2592
1361	2592
1362	2592
1363	2592
1364	3456
1365	2592
1366	2592
1367	1728
1368	864
1369	864
1370	864
1371	864
1372	864
1373	864
1374	864
1375	864
1376	864
1377	864
1378	864
1379	0.1
1380	0.1
1381	0.1
1382	0.1
1383	0.1
1384	0.1
1385	0.1
1386	0.1
1387	0.1
1388	0.1
1389	0.1
1390	0.1
1391	0.1
1392	0.1
1393	0.1
1394	0.1
1395	0.1
1396	0.1
1397	0.1
1398	0.1
1399	0.1
1400	0.1
1401	0.1
1402	0.1
1403	0.1
1404	0.1
1405	0.1
1406	0.1
1407	0.1
1408	0.1
1409	0.1
1410	0.1
1411	0.1
1412	0.1
1413	0.1
1414	0.1
1415	0.1
1416	0.1
1417	0.1
1418	0.1
1419	0.1
1420	0.1
1421	0.1
1422	0.1
1423	0.1
1424	0.1
1425	0.1
1426	0.1
1427	0.1
1428	0.1
1429	0.1
1430	0.1
1431	0.1
1432	0.1
1433	0.1
1434	0.1
1435	0.1
1436	0.1
1437	0.1
1438	0.1
1439	0.1
1440	0.1
1441	0.1
1442	0.1
1443	0.1
1444	0.1
1445	0.1
1446	0.1
1447	0.1
1448	0.1
1449	0.1
1450	0.1
1451	0.1
1452	0.1
1453	0.1
1454	0.1
1455	0.1
1456	0.1
1457	0.1
1458	0.1
1459	0.1
1460	0.1
1461	0.1
1462	0.1
1463	0.1
1464	0.1
1465	0.1
1466	0.1
1467	0.1
1468	0.1
1469	0.1
1470	0.1
1471	0.1
1472	0.1
1473	0.1
1474	0.1
1475	0.1
1476	0.1
1477	0.1
1478	0.1
1479	0.1
1480	0.1
1481	0.1
1482	864
1483	864
1484	864
1485	864
1486	864
1487	864
1488	864
1489	864
1490	864
1491	1728
1492	1728
1493	1728
1494	1728
1495	2592
1496	2592
1497	2592
1498	2592
1499	3456
1500	3456
1501	3456
1502	3456
1503	3456
1504	3456
1505	3456
1506	3456
1507	2592
1508	4320
1509	5184
1510	5184
1511	5184
1512	5184
1513	5184
1514	5184
1515	5184
1516	5184
1517	4320
1518	4320
1519	4320
1520	6912
1521	62208
1522	16416
1523	171936
1524	21600
1525	16416
1526	20736
1527	16416
1528	13824
1529	12960
1530	11232
1531	10368
1532	10368
1533	10368
1534	9504
1535	8640
1536	9504
1537	8640
1538	8640
1539	8640
1540	6912
1541	6912
1542	9504
1543	37152
1544	716256
1545	117504
1546	112320
1547	197856
1548	60480
1549	43200
1550	36288
1551	28512
1552	23328
1553	19872
1554	18144
1555	17280
1556	15552
1557	16416
1558	19872
1559	16416
1560	15552
1561	15552
1562	14688
1563	14688
1564	12096
1565	10368
1566	9504
1567	9504
1568	9504
1569	9504
1570	9504
1571	9504
1572	7776
1573	7776
1574	8640
1575	8640
1576	12096
1577	10368
1578	10368
1579	10368
1580	9504
1581	10368
1582	8640
1583	8640
1584	8640
1585	8640
1586	8640
1587	8640
1588	9504
1589	9504
1590	9504
1591	9504
1592	9504
1593	9504
1594	9504
1595	9504
1596	10368
1597	10368
1598	9504
1599	10368
1600	10368
1601	10368
1602	12096
1603	10368
1604	11232
1605	11232
1606	11232
1607	11232
1608	10368
1609	10368
1610	10368
1611	10368
1612	10368
1613	10368
1614	10368
1615	10368
1616	10368
1617	10368
1618	11232
1619	10368
1620	9504
1621	9504
1622	9504
1623	9504
1624	9504
1625	9504
1626	8640
1627	7776
1628	6912
1629	6912
1630	7776
1631	7776
1632	6912
1633	6912
1634	6912
1635	6912
1636	6048
1637	6048
1638	5184
1639	5184
1640	5184
1641	6048
1642	5184
1643	5184
1644	4320
1645	4320
1646	4320
1647	4320
1648	4320
1649	5184
1650	6048
1651	6048
1652	6048
1653	6048
1654	6048
1655	5184
1656	5184
1657	7776
1658	9504
1659	12096
1660	13824
1661	6048
1662	4320
1663	4320
1664	4320
1665	3456
1666	4320
1667	4320
1668	4320
1669	4320
1670	3456
1671	4320
1672	4320
1673	3456
1674	2592
1675	2592
1676	1728
1677	2592
1678	2592
1679	1728
1680	1728
1681	2592
1682	2592
1683	1728
1684	1728
1685	864
1686	864
1687	0.1
1688	0.1
1689	0.1
1690	0.1
1691	0.1
1692	0.1
1693	0.1
1694	0.1
1695	0.1
1696	0.1
1697	0.1
1698	0.1
1699	0.1
1700	0.1
1701	0.1
1702	0.1
1703	0.1
1704	0.1
1705	0.1
1706	0.1
1707	0.1
1708	0.1
1709	0.1
1710	0.1
1711	0.1
1712	0.1
1713	0.1
1714	0.1
1715	0.1
1716	0.1
1717	0.1
1718	0.1
1719	0.1
1720	0.1
1721	0.1
1722	0.1
1723	0.1
1724	0.1
1725	0.1
1726	0.1
1727	0.1
1728	0.1
1729	0.1
1730	0.1
1731	0.1
1732	0.1
1733	0.1
1734	0.1
1735	0.1
1736	0.1
1737	0.1
1738	0.1
1739	0.1
1740	0.1
1741	0.1
1742	0.1
1743	0.1
1744	0.1
1745	0.1
1746	0.1
1747	0.1
1748	0.1
1749	0.1
1750	0.1
1751	0.1
1752	0.1
1753	0.1
1754	0.1
1755	0.1
1756	0.1
1757	0.1
1758	0.1
1759	0.1
1760	0.1
1761	0.1
1762	0.1
1763	0.1
1764	0.1
1765	0.1
1766	0.1
1767	0.1
1768	0.1
1769	0.1
1770	0.1
1771	0.1
1772	0.1
1773	0.1
1774	0.1
1775	0.1
1776	0.1
1777	0.1
1778	0.1
1779	0.1
1780	0.1
1781	0.1
1782	0.1
1783	0.1
1784	0.1
1785	0.1
1786	0.1
1787	0.1
1788	0.1
1789	0.1
1790	0.1
1791	0.1
1792	0.1
1793	0.1
1794	0.1
1795	0.1
1796	0.1
1797	0.1
1798	0.1
1799	0.1
1800	0.1
1801	0.1
1802	0.1
1803	0.1
1804	0.1
1805	0.1
1806	0.1
1807	0.1
1808	0.1
1809	0.1
1810	0.1
1811	0.1
1812	0.1
1813	0.1
1814	0.1
1815	0.1
1816	0.1
1817	0.1
1818	0.1
1819	0.1
1820	0.1
1821	0.1
1822	0.1
1823	0.1
1824	0.1
1825	0.1
1826	0.1
1827	0.1
1828	0.1
1829	0.1
1830	0.1
1831	0.1
1832	0.1
1833	0.1
1834	0.1
1835	0.1
1836	0.1
1837	0.1
1838	0.1
1839	0.1
1840	0.1
1841	0.1
1842	0.1
1843	0.1
1844	0.1
1845	0.1
1846	0.1
1847	0.1
1848	0.1
1849	0.1
1850	0.1
1851	0.1
1852	0.1
1853	0.1
1854	0.1
1855	0.1
1856	0.1
1857	0.1
1858	864
1859	864
1860	864
1861	864
1862	864
1863	864
1864	864
1865	864
1866	864
1867	1728
1868	1728
1869	1728
1870	1728
1871	1728
1872	1728
1873	1728
1874	1728
1875	2592
1876	4320
1877	4320
1878	4320
1879	4320
1880	4320
1881	4320
1882	5184
1883	5184
1884	6048
1885	6048
1886	6048
1887	6048
1888	6048
1889	6048
1890	6048
1891	6048
1892	8640
1893	8640
1894	8640
1895	8640
1896	8640
1897	8640
1898	8640
1899	8640
1900	7776
1901	6048
1902	6048
1903	6048
1904	6048
1905	6912
1906	6048
1907	6912
1908	6912
1909	6912
1910	6912
1911	6912
1912	6912
1913	6048
1914	6048
1915	6048
1916	6048
1917	6048
1918	6048
1919	6048
1920	6048
1921	5184
1922	5184
1923	5184
1924	5184
1925	4320
1926	4320
1927	5184
1928	4320
1929	4320
1930	4320
1931	5184
1932	6048
1933	6048
1934	5184
1935	5184
1936	5184
1937	4320
1938	5184
1939	4320
1940	4320
1941	4320
1942	4320
1943	4320
1944	4320
1945	4320
1946	5184
1947	4320
1948	4320
1949	4320
1950	4320
1951	4320
1952	4320
1953	4320
1954	5184
1955	5184
1956	5184
1957	5184
1958	5184
1959	5184
1960	5184
1961	5184
1962	5184
1963	5184
1964	5184
1965	5184
1966	5184
1967	5184
1968	4320
1969	4320
1970	4320
1971	4320
1972	4320
1973	4320
1974	6048
1975	10368
1976	20736
1977	12960
1978	11232
1979	10368
1980	10368
1981	9504
1982	8640
1983	6912
1984	6912
1985	6912
1986	6048
1987	6048
1988	6048
1989	6048
1990	5184
1991	5184
1992	5184
1993	5184
1994	5184
1995	4320
1996	4320
1997	4320
1998	4320
1999	4320
2000	4320
2001	4320
2002	4320
2003	4320
2004	4320
2005	5184
2006	5184
2007	6912
2008	8640
2009	8640
2010	7776
2011	7776
2012	6912
2013	6048
2014	6048
2015	6048
2016	5184
2017	5184
2018	5184
2019	5184
2020	5184
2021	4320
2022	4320
2023	4320
2024	4320
2025	4320
2026	4320
2027	4320
2028	4320
2029	4320
2030	4320
2031	4320
2032	5184
2033	5184
2034	5184
2035	4320
2036	3456
2037	3456
2038	2592
2039	2592
2040	2592
2041	2592
2042	2592
2043	2592
2044	2592
2045	2592
2046	2592
2047	2592
2048	1728
2049	1728
2050	864
2051	864
2052	0.1
2053	0.1
2054	0.1
2055	0.1
2056	0.1
2057	0.1
2058	0.1
2059	0.1
2060	0.1
2061	0.1
2062	0.1
2063	0.1
2064	0.1
2065	0.1
2066	0.1
2067	0.1
2068	0.1
2069	0.1
2070	0.1
2071	0.1
2072	0.1
2073	0.1
2074	0.1
2075	0.1
2076	0.1
2077	0.1
2078	0.1
2079	0.1
2080	0.1
2081	0.1
2082	0.1
2083	0.1
2084	0.1
2085	0.1
2086	0.1
2087	0.1
2088	0.1
2089	0.1
2090	0.1
2091	0.1
2092	0.1
2093	0.1
2094	0.1
2095	0.1
2096	0.1
2097	0.1
2098	0.1
2099	0.1
2100	0.1
2101	0.1
2102	0.1
2103	0.1
2104	0.1
2105	0.1
2106	0.1
2107	0.1
2108	0.1
2109	0.1
2110	0.1
2111	0.1
2112	0.1
2113	0.1
2114	0.1
2115	0.1
2116	0.1
2117	0.1
2118	0.1
2119	0.1
2120	0.1
2121	0.1
2122	0.1
2123	0.1
2124	0.1
2125	0.1
2126	0.1
2127	0.1
2128	0.1
2129	0.1
2130	0.1
2131	0.1
2132	0.1
2133	0.1
2134	0.1
2135	0.1
2136	0.1
2137	0.1
2138	0.1
2139	0.1
2140	0.1
2141	0.1
2142	0.1
2143	0.1
2144	0.1
2145	0.1
2146	0.1
2147	0.1
2148	0.1
2149	0.1
2150	0.1
2151	0.1
2152	0.1
2153	0.1
2154	0.1
2155	0.1
2156	0.1
2157	0.1
2158	0.1
2159	0.1
2160	0.1
2161	0.1
2162	0.1
2163	0.1
2164	0.1
2165	0.1
2166	0.1
2167	864
2168	2592
2169	2592
2170	2592
2171	2592
2172	2592
2173	2592
2174	2592
2175	3456
2176	3456
2177	3456
2178	3456
2179	4320
2180	4320
2181	4320
2182	20736
2183	23328
2184	11232
2185	11232
2186	8640
2187	6048
2188	5184
2189	5184
2190	4320