0	2592
1	4320
2	6048
3	8640
4	6048
5	6048
6	6048
7	5184
8	3456
9	5184
10	6048
11	6912
12	6912
13	6048
14	6048
15	6048
16	6912
17	6912
18	7776
19	7776
20	7776
21	7776
22	7776
23	6912
24	6048
25	6912
26	6912
27	6048
28	6048
29	6912
30	6912
31	12096
32	7776
33	8640
34	8640
35	8640
36	6048
37	5184
38	6048
39	5184
40	5184
41	5184
42	4320
43	4320
44	3456
45	4320
46	3456
47	4320
48	4320
49	4320
50	4320
51	3456
52	4320
53	4320
54	4320
55	4320
56	6048
57	4320
58	5184
59	5184
60	5184
61	5184
62	5184
63	5184
64	6048
65	5184
66	6048
67	7776
68	7776
69	6912
70	3456
71	4320
72	4320
73	4320
74	9504
75	8640
76	8640
77	4320
78	6048
79	7776
80	6048
81	11232
82	6912
83	5184
84	8640
85	7776
86	6048
87	6048
88	7776
89	7776
90	7776
91	8640
92	9504
93	7776
94	4320
95	5184
96	5184
97	5184
98	7776
99	7776
100	7776
101	7776
102	7776
103	6912
104	7776
105	7776
106	8640
107	9504
108	7776
109	7776
110	8640
111	9504
112	13824
113	7776
114	6048
115	6048
116	5184
117	5184
118	5184
119	4320
120	4320
121	6912
122	6048
123	6048
124	5184
125	6912
126	4320
127	4320
128	4320
129	3456
130	5184
131	2592
132	3456
133	4320
134	6048
135	6048
136	4320
137	7776
138	7776
139	17280
140	5184
141	4320
142	4320
143	4320
144	5184
145	4320
146	4320
147	4320
148	4320
149	4320
150	4320
151	5184
152	6048
153	93312
154	17280
155	9504
156	7776
157	7776
158	6912
159	6048
160	6912
161	7776
162	7776
163	7776
164	7776
165	6048
166	5184
167	6048
168	5184
169	5184
170	6048
171	8640
172	9504
173	9504
174	9504
175	8640
176	8640
177	8640
178	9504
179	7776
180	7776
181	8640
182	9504
183	8640
184	7776
185	7776
186	6912
187	6912
188	8640
189	7776
190	11232
191	10368
192	10368
193	8640
194	8640
195	8640
196	8640
197	8640
198	7776
199	7776
200	6912
201	6912
202	6912
203	5184
204	5184
205	5184
206	5184
207	5184
208	4320
209	4320
210	4320
211	4320
212	6048
213	5184
214	5184
215	6048
216	6912
217	7776
218	6912
219	5184
220	5184
221	4320
222	4320
223	5184
224	4320
225	4320
226	4320
227	4320
228	4320
229	4320
230	4320
231	4320
232	4320
233	4320
234	4320
235	4320
236	4320
237	4320
238	4320
239	4320
240	4320
241	5184
242	5184
243	5184
244	5184
245	5184
246	5184
247	5184
248	5184
249	6048
250	5184
251	5184
252	5184
253	5184
254	5184
255	5184
256	5184
257	5184
258	5184
259	5184
260	5184
261	4320
262	5184
263	5184
264	5184
265	5184
266	4320
267	4320
268	5184
269	5184
270	4320
271	4320
272	5184
273	4320
274	4320
275	5184
276	4320
277	4320
278	4320
279	4320
280	4320
281	4320
282	4320
283	4320
284	4320
285	4320
286	4320
287	4320
288	4320
289	4320
290	4320
291	4320
292	4320
293	4320
294	4320
295	4320
296	4320
297	4320
298	4320
299	4320
300	4320
301	4320
302	4320
303	4320
304	4320
305	4320
306	5184
307	4320
308	4320
309	4320
310	4320
311	4320
312	4320
313	4320
314	4320
315	3456
316	3456
317	3456
318	3456
319	3456
320	4320
321	2592
322	3456
323	3456
324	2592
325	3456
326	2592
327	2592
328	3456
329	3456
330	4320
331	4320
332	3456
333	4320
334	4320
335	4320
336	3456
337	4320
338	4320
339	4320
340	4320
341	4320
342	3456
343	4320
344	3456
345	4320
346	4320
347	4320
348	4320
349	4320
350	4320
351	4320
352	4320
353	4320
354	4320
355	4320
356	4320
357	4320
358	4320
359	4320
360	4320
361	4320
362	4320
363	4320
364	4320
365	4320
366	5184
367	5184
368	5184
369	5184
370	5184
371	5184
372	5184
373	5184
374	5184
375	6048
376	6048
377	16416
378	6048
379	5184
380	5184
381	4320
382	4320
383	6048
384	4320
385	4320
386	4320
387	4320
388	4320
389	4320
390	4320
391	5184
392	4320
393	6048
394	6912
395	6912
396	6912
397	6912
398	6912
399	7776
400	7776
401	6912
402	4320
403	4320
404	4320
405	3456
406	4320
407	4320
408	4320
409	4320
410	4320
411	4320
412	4320
413	2592
414	1728
415	4320
416	3456
417	4320
418	3456
419	3456
420	4320
421	4320
422	6048
423	3456
424	3456
425	4320
426	5184
427	5184
428	4320
429	4320
430	4320
431	6048
432	5184
433	4320
434	5184
435	6912
436	7776
437	11232
438	6048
439	5184
440	5184
441	5184
442	5184
443	5184
444	6048
445	6912
446	7776
447	6912
448	7776
449	7776
450	7776
451	9504
452	7776
453	8640
454	9504
455	9504
456	9504
457	10368
458	10368
459	10368
460	9504
461	8640
462	8640
463	9504
464	8640
465	7776
466	7776
467	8640
468	11232
469	4320
470	4320
471	4320
472	4320
473	4320
474	11232
475	15552
476	26784
477	13824
478	10368
479	7776
480	6048
481	6912
482	6048
483	6048
484	7776
485	6912
486	5184
487	6048
488	6912
489	7776
490	7776
491	8640
492	6048
493	5184
494	4320
495	6048
496	4320
497	4320
498	4320
499	4320
500	4320
501	4320
502	4320
503	5184
504	4320
505	4320
506	4320
507	4320
508	5184
509	5184
510	6912
511	4320
512	4320
513	7776
514	6048
515	7776
516	7776
517	12096
518	34560
519	13824
520	10368
521	9504
522	9504
523	9504
524	10368
525	9504
526	9504
527	15552
528	9504
529	9504
530	9504
531	9504
532	9504
533	9504
534	9504
535	9504
536	9504
537	9504
538	9504
539	9504
540	9504
541	9504
542	9504
543	9504
544	9504
545	9504
546	9504
547	9504
548	9504
549	9504
550	11232
551	9504
552	9504
553	17280
554	9504
555	9504
556	9504
557	9504
558	35424
559	22464
560	21600
561	20736
562	21600
563	22464
564	19872
565	19008
566	20736
567	20736
568	19008
569	19008
570	19008
571	19008
572	19008
573	19008
574	19008
575	19008
576	19008
577	19008
578	19008
579	19008
580	19008
581	19008
582	19008
583	19008
584	19008
585	19008
586	19872
587	19008
588	19008
589	19008
590	19008
591	19008
592	19008
593	19008
594	19008
595	19008
596	19008
597	19008
598	19008
599	19008
600	19008
601	20736
602	19008
603	19872
604	19008
605	19008
606	19008
607	19008
608	19008
609	14688
610	5184
611	5184
612	5184
613	5184
614	5184
615	5184
616	6912
617	6048
618	6912
619	6048
620	5184
621	5184
622	5184
623	5184
624	5184
625	6048
626	6048
627	6048
628	5184
629	5184
630	5184
631	5184
632	5184
633	5184
634	4320
635	4320
636	4320
637	4320
638	4320
639	4320
640	4320
641	4320
642	4320
643	4320
644	4320
645	4320
646	4320
647	4320
648	4320
649	4320
650	4320
651	4320
652	4320
653	4320
654	4320
655	4320
656	4320
657	4320
658	4320
659	4320
660	4320
661	4320
662	4320
663	4320
664	4320
665	4320
666	4320
667	4320
668	4320
669	5184
670	4320
671	5184
672	5184
673	5184
674	5184
675	5184
676	5184
677	5184
678	4320
679	4320
680	4320
681	4320
682	4320
683	4320
684	4320
685	4320
686	4320
687	4320
688	4320
689	4320
690	4320
691	4320
692	4320
693	4320
694	4320
695	4320
696	4320
697	4320
698	4320
699	4320
700	4320
701	4320
702	4320
703	4320
704	4320
705	4320
706	4320
707	4320
708	4320
709	4320
710	4320
711	4320
712	4320
713	4320
714	4320
715	4320
716	3456
717	2592
718	2592
719	2592
720	2592
721	2592
722	2592
723	2592
724	2592
725	2592
726	2592
727	2592
728	2592
729	2592
730	2592
731	2592
732	2592
733	2592
734	2592
735	3456
736	1728
737	1728
738	1728
739	1728
740	1728
741	1728
742	864
743	864
744	864
745	1728
746	1728
747	1728
748	1728
749	1728
750	1728
751	1728
752	1728
753	4320
754	1728
755	2592
756	1728
757	1728
758	1728
759	2592
760	1728
761	1728
762	1728
763	1728
764	1728
765	1728
766	1728
767	3456
768	2592
769	2592
770	3456
771	1728
772	2592
773	1728
774	1728
775	1728
776	1728
777	1728
778	1728
779	3456
780	9504
781	5184
782	4320
783	7776
784	7776
785	8640
786	8640
787	9504
788	8640
789	7776
790	5184
791	6048
792	6912
793	5184
794	6048
795	7776
796	6048
797	6048
798	8640
799	7776
800	4320
801	4320
802	4320
803	5184
804	6912
805	6912
806	6048
807	7776
808	15552
809	8640
810	4320
811	6048
812	7776
813	8640
814	8640
815	8640
816	7776
817	8640
818	50976
819	7776
820	4320
821	5184
822	8640
823	8640
824	9504
825	8640
826	10368
827	8640
828	8640
829	12096
830	12096
831	10368
832	2213568
833	2332800
834	1707264
835	1900800
836	1900800
837	1900800
838	1900800
839	1900800
840	1900800
841	1900800
842	1900800
843	1900800
844	1900800
845	1900800
846	1900800
847	1900800
848	1900800
849	1901664
850	1902528
851	1900800
852	1900800
853	1900800
854	1817856
855	1814400
856	660960
857	1713312
858	1814400
859	1814400
860	1814400
861	1814400
862	1680480
863	1600992
864	1599264
865	1610496
866	1159488
867	1334880
868	1383264
869	1239840
870	1285632
871	1296000
872	1296000
873	1290816
874	1024704
875	950400
876	729216
877	705888
878	675648
879	675648
880	407808
881	352512
882	339552
883	95040
884	5184
885	6912
886	10368
887	8640
888	8640
889	8640
890	7776
891	7776
892	8640
893	6912
894	6048
895	7776
896	8640
897	8640
898	15552
899	33696
900	22464
901	12096
902	12096
903	2077920
904	2306016
905	49958208
906	71197920
907	70784928
908	71104608
909	69107904
910	67024800
911	65620800
912	65401344
913	62725536
914	58377888
915	53120448
916	51723360
917	51260256
918	22540032
919	18833472
920	18890496
921	18847296
922	18843840
923	18874080
924	18885312
925	18857664
926	18777312
927	18769536
928	18750528
929	13983840
930	13796352
931	13784256
932	13770432
933	13772160
934	13715136
935	13709952
936	13708224
937	13696992
938	13668480
939	13635648
940	13625280
941	13632192
942	13598496
943	13567392
944	13560480
945	11244960
946	11057472
947	8577792
948	8557056
949	8569152
950	8577792
951	6515424
952	6242400
953	4843584
954	4415904
955	4421952
956	4427136
957	3043008
958	2977344
959	1740096
960	1728000
961	1142208
962	1123200
963	1123200
964	389664
965	355968
966	25920
967	6048
968	7776
969	8640
970	8640
971	6912
972	8640
973	8640
974	7776
975	11232
976	9504
977	11232
978	12960
979	14688
980	11232
981	8640
982	5184
983	6912
984	5184
985	4320
986	5184
987	4320
988	4320
989	6048
990	5184
991	5184
992	2592
993	2592
994	2592
995	3456
996	2592
997	3456
998	1728
999	1728
1000	5184
1001	4320
1002	2592
1003	2592
1004	3456
1005	2592
1006	2592
1007	2592
1008	2592
1009	3456
1010	3456
1011	3456
1012	3456
1013	3456
1014	3456
1015	4320
1016	4320
1017	3456
1018	4320
1019	2592
1020	1728
1021	2592
1022	1728
1023	2592
1024	4320
1025	4320
1026	3456
1027	3456
1028	3456
1029	2592
1030	2592
1031	3456
1032	3456
1033	3456
1034	3456
1035	3456
1036	3456
1037	3456
1038	3456
1039	2592
1040	1728
1041	1728
1042	1728
1043	1728
1044	1728
1045	1728
1046	1728
1047	1728
1048	1728
1049	1728
1050	1728
1051	50976
1052	8640
1053	4320
1054	4320
1055	19008
1056	4320
1057	4320
1058	3456
1059	3456
1060	2592
1061	2592
1062	2592
1063	4320
1064	4320
1065	4320
1066	4320
1067	4320
1068	4320
1069	4320
1070	4320
1071	4320
1072	4320
1073	4320
1074	4320
1075	4320
1076	4320
1077	4320
1078	4320
1079	4320
1080	4320
1081	4320
1082	4320
1083	4320
1084	4320
1085	4320
1086	4320
1087	4320
1088	4320
1089	4320
1090	4320
1091	4320
1092	4320
1093	4320
1094	4320
1095	4320
1096	4320
1097	4320
1098	4320
1099	4320
1100	4320
1101	4320
1102	4320
1103	4320
1104	4320
1105	4320
1106	4320
1107	4320
1108	4320
1109	4320
1110	4320
1111	4320
1112	4320
1113	4320
1114	4320
1115	4320
1116	4320
1117	4320
1118	4320
1119	4320
1120	4320
1121	4320
1122	4320
1123	4320
1124	4320
1125	4320
1126	4320
1127	3456
1128	3456
1129	3456
1130	4320
1131	4320
1132	3456
1133	3456
1134	4320
1135	4320
1136	4320
1137	4320
1138	4320
1139	3456
1140	3456
1141	3456
1142	3456
1143	3456
1144	3456
1145	4320
1146	3456
1147	3456
1148	3456
1149	4320
1150	4320
1151	4320
1152	4320
1153	4320
1154	4320
1155	4320
1156	4320
1157	4320
1158	3456
1159	3456
1160	3456
1161	4320
1162	3456
1163	3456
1164	3456
1165	3456
1166	3456
1167	3456
1168	3456
1169	3456
1170	3456
1171	2592
1172	2592
1173	2592
1174	2592
1175	2592
1176	2592
1177	2592
1178	2592
1179	2592
1180	2592
1181	2592
1182	2592
1183	2592
1184	2592
1185	2592
1186	2592
1187	2592
1188	2592
1189	2592
1190	2592
1191	2592
1192	2592
1193	3456
1194	2592
1195	2592
1196	2592
1197	2592
1198	2592
1199	2592
1200	2592
1201	2592
1202	2592
1203	3456
1204	4320
1205	5184
1206	9504
1207	5184
1208	3456
1209	4320
1210	2592
1211	2592
1212	2592
1213	2592
1214	2592
1215	2592
1216	2592
1217	2592
1218	2592
1219	2592
1220	2592
1221	2592
1222	2592
1223	2592
1224	3456
1225	2592
1226	2592
1227	3456
1228	3456
1229	3456
1230	6048
1231	4320
1232	3456
1233	2592
1234	2592
1235	2592
1236	3456
1237	2592
1238	3456
1239	3456
1240	3456
1241	3456
1242	2592
1243	2592
1244	2592
1245	2592
1246	3456
1247	4320
1248	3456
1249	2592
1250	2592
1251	2592
1252	2592
1253	2592
1254	2592
1255	2592
1256	2592
1257	2592
1258	2592
1259	2592
1260	2592
1261	2592
1262	25920
1263	39744
1264	37152
1265	38016
1266	38880
1267	37152
1268	36000
1269	38880
1270	44928
1271	40608
1272	38880
1273	42336
1274	39744
1275	41472
1276	44064
1277	54432
1278	44928
1279	43200
1280	45792
1281	40608
1282	38880
1283	39744
1284	38880
1285	40608
1286	40608
1287	43200
1288	49248
1289	85536
1290	87264
1291	44928
1292	43200
1293	44064
1294	43200
1295	49248
1296	57888
1297	57024
1298	57888
1299	57024
1300	56160
1301	54432
1302	54432
1303	52704
1304	52704
1305	51840
1306	50112
1307	50112
1308	50112
1309	50976
1310	50112
1311	49248
1312	49248
1313	48384
1314	50112
1315	55296
1316	57024
1317	56160
1318	55296
1319	55296
1320	55296
1321	57024
1322	56160
1323	57024
1324	57024
1325	56160
1326	56160
1327	56160
1328	56160
1329	56160
1330	56160
1331	55296
1332	56160
1333	51840
1334	52704
1335	53568
1336	53568
1337	57024
1338	60480
1339	60480
1340	65664
1341	64800
1342	69120
1343	68256
1344	69984
1345	68256
1346	67392
1347	67392
1348	82080
1349	69984
1350	67392
1351	68256
1352	69120
1353	72576
1354	72576
1355	73440
1356	70848
1357	72576
1358	71712
1359	73440
1360	64800
1361	64800
1362	65664
1363	65664
1364	66528
1365	64800
1366	63072
1367	57888
1368	57024
1369	57888
1370	57888
1371	61344
1372	71712
1373	71712
1374	72576
1375	69984
1376	68256
1377	66528
1378	67392
1379	67392
1380	69984
1381	71712
1382	75168
1383	71712
1384	72576
1385	71712
1386	69120
1387	69984
1388	71712
1389	72576
1390	73440
1391	71712
1392	73440
1393	72576
1394	72576
1395	71712
1396	51840
1397	64800
1398	63936
1399	65664
1400	68256
1401	68256
1402	64800
1403	63936
1404	64800
1405	64800
1406	63936
1407	63936
1408	62208
1409	63072
1410	63072
1411	63072
1412	63936
1413	60480
1414	55296
1415	55296
1416	56160
1417	56160
1418	57024
1419	57024
1420	19008
1421	44928
1422	42336
1423	39744
1424	26784
1425	28512
1426	21600
1427	24192
1428	27648
1429	27648
1430	28512
1431	28512
1432	27648
1433	26784
1434	35424
1435	43200
1436	42336
1437	38016
1438	32832
1439	32832
1440	31968
1441	30240
1442	31968
1443	31104
1444	38880
1445	48384
1446	49248
1447	50976
1448	51840
1449	51840
1450	51840
1451	50112
1452	44064
1453	47520
1454	48384
1455	46656
1456	47520
1457	46656
1458	50112
1459	38880
1460	47520
1461	50112
1462	51840
1463	52704
1464	52704
1465	51840
1466	54432
1467	54432
1468	54432
1469	55296
1470	57024
1471	57024
1472	57024
1473	54432
1474	56160
1475	55296
1476	52704
1477	50112
1478	50976
1479	50976
1480	50976
1481	52704
1482	56160
1483	57024
1484	57888
1485	51840
1486	52704
1487	55296
1488	55296
1489	52704
1490	52704
1491	54432
1492	55296
1493	54432
1494	50112
1495	54432
1496	54432
1497	52704
1498	51840
1499	56160
1500	58752
1501	57888
1502	52704
1503	52704
1504	52704
1505	53568
1506	56160
1507	57024
1508	74304
1509	76032
1510	74304
1511	93312
1512	120960
1513	173664
1514	197856
1515	209952
1516	230688
1517	254880
1518	282528
1519	344736
1520	420768
1521	578880
1522	489024
1523	239328
1524	66528
1525	62208
1526	74304
1527	67392
1528	64800
1529	62208
1530	63072
1531	65664
1532	67392
1533	66528
1534	63936
1535	63936
1536	66528
1537	67392
1538	74304
1539	65664
1540	66528
1541	66528
1542	4360608
1543	5028480
1544	5424192
1545	5189184
1546	5209056
1547	8600256
1548	13623552
1549	16565472
1550	17561664
1551	17390592
1552	17287776
1553	17193600
1554	17055360
1555	16902432
1556	16848000
1557	16726176
1558	16645824
1559	16519680
1560	16290720
1561	16085088
1562	16009920
1563	15844896
1564	15736896
1565	15966720
1566	13816224
1567	13203648
1568	8895744
1569	8512128
1570	4483296
1571	3803328
1572	3799872
1573	3783456
1574	3750624
1575	3735936
1576	3640896
1577	3294432
1578	3299616
1579	3303936
1580	2285280
1581	2162592
1582	1136160
1583	1036800
1584	157248
1585	63936
1586	67392
1587	67392
1588	63936
1589	61344
1590	60480
1591	60480
1592	59616
1593	58752
1594	59616
1595	58752
1596	58752
1597	57888
1598	57888
1599	57024
1600	57024
1601	56160
1602	58752
1603	56160
1604	56160
1605	54432
1606	54432
1607	54432
1608	52704
1609	31968
1610	44928
1611	51840
1612	76896
1613	69984
1614	54432
1615	52704
1616	53568
1617	53568
1618	55296
1619	53568
1620	52704
1621	54432
1622	56160
1623	54432
1624	52704
1625	54432
1626	55296
1627	57024
1628	57024
1629	57024
1630	57024
1631	57024
1632	57024
1633	57888
1634	57888
1635	57888
1636	58752
1637	59616
1638	59616
1639	57888
1640	57888
1641	55296
1642	56160
1643	56160
1644	56160
1645	57888
1646	57024
1647	57024
1648	57024
1649	57024
1650	57024
1651	44064
1652	44928
1653	65664
1654	56160
1655	50976
1656	48384
1657	49248
1658	48384
1659	50976
1660	48384
1661	47520
1662	50112
1663	48384
1664	47520
1665	47520
1666	48384
1667	50976
1668	50976
1669	50112
1670	50112
1671	49248
1672	49248
1673	50976
1674	49248
1675	47520
1676	42336
1677	44928
1678	48384
1679	51840
1680	43200
1681	45792
1682	47520
1683	48384
1684	48384
1685	48384
1686	50112
1687	50112
1688	50976
1689	50976
1690	51840
1691	51840
1692	50112
1693	50976
1694	50976
1695	51840
1696	50976
1697	50976
1698	50112
1699	51840
1700	50976
1701	50112
1702	50112
1703	49248
1704	50112
1705	50112
1706	49248
1707	49248
1708	49248
1709	49248
1710	48384
1711	48384
1712	50112
1713	50976
1714	50976
1715	50112
1716	50976
1717	49248
1718	50112
1719	50112
1720	49248
1721	49248
1722	50112
1723	48384
1724	47520
1725	48384
1726	50976
1727	50112
1728	50112
1729	47520
1730	48384
1731	50976
1732	50976
1733	52704
1734	51840
1735	51840
1736	52704
1737	50976
1738	33696
1739	50976
1740	53568
1741	52704
1742	53568
1743	52704
1744	52704
1745	52704
1746	43200
1747	42336
1748	42336
1749	43200
1750	43200
1751	43200
1752	44928
1753	38880
1754	33696
1755	31104
1756	31968
1757	32832
1758	33696
1759	48384
1760	73440
1761	77760
1762	67392
1763	56160
1764	50976
1765	50976
1766	50976
1767	50112
1768	80352
1769	55296
1770	28512
1771	37152
1772	38880
1773	38880
1774	39744
1775	41472
1776	36288
1777	36288
1778	37152
1779	38016
1780	38016
1781	36288
1782	33696
1783	31104
1784	30240
1785	30240
1786	31968
1787	45792
1788	60480
1789	62208
1790	63072
1791	64800
1792	63072
1793	56160
1794	45792
1795	38880
1796	39744
1797	41472
1798	47520
1799	57888
1800	57888
1801	55296
1802	44928
1803	42336
1804	44928
1805	48384
1806	46656
1807	40608
1808	36288
1809	38016
1810	38880
1811	43200
1812	42336
1813	41472
1814	40608
1815	43200
1816	42336
1817	21600
1818	22464
1819	32832
1820	31968
1821	31968
1822	31104
1823	28512
1824	28512
1825	27648
1826	27648
1827	25920
1828	30240
1829	36288
1830	39744
1831	38880
1832	38016
1833	41472
1834	50112
1835	54432
1836	54432
1837	59616
1838	54432
1839	57024
1840	53568
1841	47520
1842	46656
1843	44064
1844	41472
1845	33696
1846	31104
1847	31968
1848	35424
1849	36288
1850	35424
1851	43200
1852	65664
1853	79488
1854	76896
1855	77760
1856	77760
1857	76032
1858	79488
1859	91584
1860	97632
1861	99360
1862	95040
1863	93312
1864	88992
1865	80352
1866	64800
1867	61344
1868	50976
1869	47520
1870	42336
1871	39744
1872	36288
1873	29376
1874	29376
1875	37152
1876	73440
1877	64800
1878	56160
1879	67392
1880	67392
1881	62208
1882	50976
1883	50976
1884	57888
1885	54432
1886	56160
1887	50112
1888	50976
1889	47520
1890	43200
1891	43200
1892	50112
1893	44928
1894	44064
1895	42336
1896	39744
1897	38880
1898	38880
1899	38880
1900	38016
1901	38880
1902	38880
1903	38880
1904	38880
1905	41472
1906	42336
1907	42336
1908	42336
1909	42336
1910	42336
1911	41472
1912	37152
1913	19008
1914	40608
1915	43200
1916	45792
1917	47520
1918	47520
1919	47520
1920	46656
1921	45792
1922	44928
1923	45792
1924	44064
1925	46656
1926	47520
1927	46656
1928	47520
1929	46656
1930	46656
1931	46656
1932	43200
1933	41472
1934	38880
1935	39168
1936	40032
1937	40608
1938	40896
1939	39744
1940	39744
1941	41472
1942	44928
1943	41472
1944	39744
1945	39744
1946	39744
1947	40608
1948	39744
1949	39744
1950	38880
1951	38880
1952	39744
1953	44064
1954	47520
1955	48384
1956	45792
1957	46656
1958	45792
1959	44928
1960	46656
1961	46656
1962	46656
1963	45792
1964	44928
1965	44064
1966	44064
1967	44064
1968	44928
1969	44064
1970	45792
1971	44928
1972	44928
1973	44928
1974	48384
1975	53568
1976	58752
1977	47520
1978	46656
1979	47520
1980	46656
1981	47520
1982	47520
1983	46656
1984	46656
1985	45792
1986	44928
1987	44928
1988	43200
1989	44064
1990	44064
1991	44064
1992	44928
1993	43200
1994	43200
1995	43200
1996	43200
1997	43200
1998	43200
1999	43200
2000	42336
2001	43200
2002	46656
2003	43200
2004	43200
2005	47520
2006	43200
2007	55296
2008	68256
2009	53568
2010	44928
2011	44064
2012	46656
2013	44064
2014	44064
2015	43200
2016	43200
2017	43200
2018	44064
2019	44064
2020	43200
2021	43200
2022	43200
2023	46656
2024	44928
2025	44064
2026	44064
2027	44064
2028	44064
2029	44064
2030	45792
2031	45792
2032	55296
2033	52704
2034	50976
2035	51840
2036	50112
2037	49248
2038	48384
2039	47520
2040	47520
2041	47520
2042	48384
2043	47520
2044	47520
2045	47520
2046	46656
2047	47520
2048	47520
2049	47520
2050	46656
2051	45792
2052	45792
2053	45792
2054	45792
2055	46656
2056	47520
2057	46656
2058	44928
2059	47520
2060	48384
2061	49248
2062	48384
2063	48384
2064	48384
2065	48384
2066	48384
2067	48384
2068	48384
2069	48384
2070	48384
2071	49248
2072	49248
2073	49248
2074	48384
2075	48384
2076	59616
2077	69120
2078	48384
2079	46656
2080	45792
2081	45792
2082	44064
2083	44064
2084	44064
2085	43200
2086	44064
2087	44064
2088	44064
2089	43200
2090	43200
2091	43200
2092	43200
2093	44928
2094	44064
2095	44928
2096	44928
2097	44064
2098	44064
2099	44928
2100	53568
2101	52704
2102	44928
2103	43200
2104	44064
2105	52704
2106	55296
2107	55296
2108	57024
2109	56160
2110	57888
2111	58752
2112	57888
2113	57888
2114	55296
2115	45792
2116	45792
2117	45792
2118	46656
2119	46656
2120	48384
2121	48384
2122	48384
2123	48384
2124	47520
2125	47520
2126	47520
2127	48384
2128	50976
2129	49248
2130	50112
2131	51840
2132	50976
2133	52704
2134	52704
2135	55296
2136	57024
2137	56160
2138	52704
2139	53568
2140	56160
2141	52704
2142	52704
2143	52704
2144	51840
2145	50976
2146	50976
2147	50976
2148	51840
2149	50976
2150	50976
2151	51840
2152	52704
2153	52704
2154	53568
2155	54432
2156	54432
2157	55296
2158	56160
2159	55296
2160	55296
2161	51840
2162	50112
2163	50976
2164	50112
2165	50976
2166	50976
2167	50976
2168	51840
2169	52704
2170	52704
2171	52704
2172	51840
2173	51840
2174	51840
2175	51840
2176	50976
2177	50976
2178	50976
2179	50976
2180	51840
2181	51840
2182	50976
2183	49248
2184	47520
2185	48384
2186	47520
2187	47520
2188	46656
2189	46656
2190	46656