LAYER	HRU_ROW	HRU_COL
1	337	229
1	337	230
1	336	230
1	335	230
1	335	231
1	335	232
1	334	232
1	333	232
1	332	232
1	332	233
1	331	233
1	331	234
1	330	234
1	329	234
1	329	235
1	329	236
1	329	296
1	328	236
1	328	292
1	328	293
1	328	294
1	328	295
1	328	296
1	327	236
1	327	292
1	326	236
1	326	292
1	325	236
1	325	237
1	325	238
1	325	292
1	324	238
1	324	289
1	324	290
1	324	291
1	324	292
1	323	238
1	323	281
1	323	282
1	323	283
1	323	284
1	323	289
1	322	237
1	322	238
1	322	280
1	322	281
1	322	284
1	322	285
1	322	286
1	322	287
1	322	288
1	322	289
1	321	237
1	321	280
1	320	234
1	320	235
1	320	236
1	320	237
1	320	272
1	320	273
1	320	274
1	320	278
1	320	279
1	320	280
1	319	234
1	319	271
1	319	272
1	319	274
1	319	275
1	319	276
1	319	277
1	319	278
1	318	232
1	318	233
1	318	234
1	318	268
1	318	269
1	318	270
1	318	271
1	317	226
1	317	227
1	317	228
1	317	229
1	317	230
1	317	231
1	317	232
1	317	268
1	316	226
1	316	232
1	316	233
1	316	234
1	316	265
1	316	266
1	316	267
1	316	268
1	315	222
1	315	223
1	315	224
1	315	225
1	315	226
1	315	234
1	315	235
1	315	236
1	315	262
1	315	263
1	315	264
1	315	265
1	314	220
1	314	221
1	314	222
1	314	236
1	314	237
1	314	238
1	314	239
1	314	240
1	314	241
1	314	242
1	314	243
1	314	257
1	314	258
1	314	259
1	314	260
1	314	261
1	314	262
1	313	220
1	313	243
1	313	257
1	312	219
1	312	220
1	312	243
1	312	244
1	312	247
1	312	248
1	312	249
1	312	250
1	312	251
1	312	257
1	311	219
1	311	244
1	311	245
1	311	246
1	311	247
1	311	251
1	311	252
1	311	253
1	311	254
1	311	255
1	311	256
1	311	257
1	310	219
1	309	219
1	309	220
1	308	220
1	307	220
1	306	220
1	306	221
1	306	222
1	306	223
1	305	223
1	305	224
1	304	224
1	303	224
1	302	224
1	301	224
1	300	224
1	299	222
1	299	223
1	299	224
1	298	222
1	297	220
1	297	221
1	297	222
1	296	220
1	295	208
1	295	209
1	295	210
1	295	218
1	295	219
1	295	220
1	294	205
1	294	206
1	294	207
1	294	208
1	294	210
1	294	211
1	294	212
1	294	213
1	294	214
1	294	215
1	294	218
1	293	204
1	293	205
1	293	215
1	293	216
1	293	217
1	293	218
1	292	202
1	292	203
1	292	204
1	291	200
1	291	201
1	291	202
1	290	200
1	289	199
1	289	200
1	288	199
1	287	198
1	287	199
1	286	198
1	285	196
1	285	197
1	285	198
1	284	196
1	283	196
1	282	195
1	282	196
1	281	195
1	280	195
1	279	194
1	279	195
1	278	194
1	277	194
1	277	195
1	276	195
1	275	195
1	274	195
1	273	195
1	272	195
1	271	192
1	271	193
1	271	194
1	271	195
1	270	189
1	270	190
1	270	191
1	270	192
1	270	193
1	270	194
1	269	188
1	269	189
1	268	188
1	267	188
1	266	188
1	265	188
1	264	188
1	263	188
1	262	188
1	261	187
1	261	188
1	260	186
1	260	187
1	259	184
1	259	185
1	259	186
1	258	184
1	258	185
1	257	183
1	257	184
1	257	185
1	256	183
1	256	184
1	256	185
1	255	183
1	255	184
1	255	185
1	254	182
1	254	183
1	254	184
1	253	181
1	253	182
1	253	183
1	253	184
1	252	181
1	252	182
1	252	183
1	252	184
1	251	181
1	251	182
1	251	183
1	250	179
1	250	180
1	250	181
1	250	182
1	249	176
1	249	177
1	249	178
1	249	179
1	249	180
1	249	181
1	249	182
1	248	176
1	248	177
1	248	178
1	248	179
1	248	180
1	248	181
1	248	182
1	247	176
1	247	177
1	247	178
1	247	179
1	247	180
1	247	181
1	246	176
1	246	177
1	246	178
1	246	179
1	246	180
1	245	175
1	245	176
1	245	177
1	245	178
1	244	175
1	244	176
1	244	177
1	244	178
1	243	175
1	243	176
1	243	177
1	243	178
1	242	174
1	242	175
1	242	176
1	242	177
1	242	178
1	241	174
1	241	175
1	241	176
1	241	177
1	241	178
1	240	174
1	240	175
1	240	176
1	240	177
1	240	178
1	239	174
1	239	175
1	239	176
1	239	177
1	239	178
1	238	174
1	238	175
1	238	176
1	238	177
1	238	178
1	237	173
1	237	174
1	237	175
1	237	176
1	237	177
1	237	178
1	236	173
1	236	174
1	236	175
1	236	176
1	236	177
1	236	178
1	236	179
1	235	173
1	235	174
1	235	175
1	235	176
1	235	177
1	235	178
1	235	179
1	234	173
1	234	174
1	234	175
1	234	176
1	234	177
1	234	178
1	234	179
1	233	173
1	233	174
1	233	175
1	233	176
1	233	177
1	233	178
1	233	179
1	232	173
1	232	174
1	232	175
1	232	176
1	232	177
1	232	178
1	232	179
1	231	172
1	231	173
1	231	174
1	231	175
1	231	176
1	231	177
1	231	178
1	231	179
1	230	172
1	230	173
1	230	174
1	230	175
1	230	176
1	230	177
1	230	178
1	229	172
1	229	173
1	229	174
1	229	175
1	229	176
1	229	177
1	229	178
1	228	171
1	228	172
1	228	173
1	228	174
1	228	175
1	228	176
1	228	177
1	227	170
1	227	171
1	227	172
1	227	173
1	227	174
1	227	175
1	227	176
1	227	177
1	226	170
1	226	171
1	226	172
1	226	173
1	226	174
1	226	175
1	226	176
1	225	170
1	225	171
1	225	172
1	225	173
1	225	174
1	225	175
1	225	176
1	224	169
1	224	170
1	224	171
1	224	172
1	224	173
1	224	174
1	224	175
1	223	169
1	223	170
1	223	171
1	223	172
1	223	173
1	223	174
1	223	175
1	222	168
1	222	169
1	222	170
1	222	171
1	222	172
1	222	173
1	222	174
1	222	175
1	221	168
1	221	169
1	221	170
1	221	171
1	221	172
1	221	173
1	221	174
1	221	175
1	220	168
1	220	169
1	220	170
1	220	171
1	220	172
1	220	173
1	220	174
1	219	167
1	219	168
1	219	169
1	219	170
1	219	171
1	219	172
1	219	173
1	219	174
1	218	167
1	218	168
1	218	169
1	218	170
1	218	171
1	218	172
1	218	173
1	217	167
1	217	168
1	217	169
1	217	170
1	217	171
1	217	172
1	216	166
1	216	167
1	216	168
1	216	169
1	216	170
1	216	171
1	215	165
1	215	166
1	215	167
1	215	168
1	215	169
1	215	170
1	215	171
1	214	164
1	214	165
1	214	166
1	214	167
1	214	168
1	214	169
1	214	170
1	213	164
1	213	165
1	213	166
1	213	167
1	213	168
1	213	169
1	213	170
1	212	163
1	212	164
1	212	165
1	212	166
1	212	167
1	212	168
1	212	169
1	212	170
1	211	163
1	211	164
1	211	165
1	211	166
1	211	167
1	211	168
1	211	169
1	211	170
1	210	163
1	210	164
1	210	165
1	210	166
1	210	167
1	210	168
1	210	169
1	209	162
1	209	163
1	209	164
1	209	165
1	209	166
1	209	167
1	209	168
1	208	157
1	208	158
1	208	159
1	208	160
1	208	161
1	208	162
1	208	163
1	208	164
1	208	165
1	208	166
1	207	156
1	207	157
1	207	158
1	207	159
1	207	160
1	207	161
1	207	162
1	207	163
1	207	164
1	207	165
1	206	156
1	206	157
1	206	158
1	206	159
1	206	160
1	206	161
1	206	162
1	206	163
1	206	164
1	206	165
1	205	137
1	205	138
1	205	139
1	205	156
1	205	157
1	205	158
1	205	159
1	205	160
1	205	161
1	205	162
1	205	163
1	205	164
1	204	137
1	204	138
1	204	139
1	204	140
1	204	141
1	204	156
1	204	157
1	204	158
1	204	159
1	204	160
1	204	161
1	204	162
1	204	163
1	203	138
1	203	139
1	203	140
1	203	141
1	203	142
1	203	156
1	203	157
1	203	158
1	203	159
1	203	160
1	203	161
1	203	162
1	203	163
1	202	140
1	202	141
1	202	142
1	202	156
1	202	157
1	202	158
1	202	159
1	202	160
1	202	161
1	202	162
1	202	163
1	201	141
1	201	142
1	201	143
1	201	155
1	201	156
1	201	157
1	201	158
1	201	159
1	201	160
1	201	161
1	201	162
1	200	141
1	200	142
1	200	143
1	200	155
1	200	156
1	200	157
1	200	158
1	200	159
1	200	160
1	200	161
1	200	162
1	199	141
1	199	142
1	199	143
1	199	154
1	199	155
1	199	156
1	199	157
1	199	158
1	199	159
1	199	160
1	199	161
1	198	141
1	198	142
1	198	143
1	198	144
1	198	154
1	198	155
1	198	156
1	198	157
1	198	158
1	198	159
1	198	160
1	198	161
1	198	167
1	198	168
1	197	141
1	197	142
1	197	143
1	197	144
1	197	145
1	197	146
1	197	147
1	197	153
1	197	154
1	197	155
1	197	156
1	197	157
1	197	158
1	197	159
1	197	160
1	197	161
1	197	166
1	197	167
1	197	168
1	197	169
1	197	170
1	197	171
1	196	142
1	196	143
1	196	144
1	196	145
1	196	146
1	196	147
1	196	148
1	196	153
1	196	154
1	196	155
1	196	156
1	196	157
1	196	158
1	196	159
1	196	160
1	196	161
1	196	162
1	196	164
1	196	165
1	196	166
1	196	167
1	196	168
1	196	169
1	196	170
1	195	144
1	195	145
1	195	146
1	195	147
1	195	153
1	195	154
1	195	155
1	195	156
1	195	157
1	195	158
1	195	159
1	195	161
1	195	162
1	195	163
1	195	164
1	195	165
1	195	166
1	195	167
1	194	147
1	194	152
1	194	153
1	194	154
1	194	155
1	194	156
1	194	157
1	194	158
1	194	159
1	194	162
1	194	163
1	194	164
1	194	165
1	194	166
1	194	167
1	193	152
1	193	153
1	193	154
1	193	155
1	193	156
1	193	157
1	193	158
1	193	159
1	193	163
1	193	164
1	193	165
1	193	166
1	192	151
1	192	152
1	192	153
1	192	154
1	192	155
1	192	156
1	192	157
1	192	158
1	192	159
1	192	163
1	192	164
1	192	165
1	192	166
1	192	190
1	192	191
1	191	151
1	191	152
1	191	153
1	191	154
1	191	155
1	191	156
1	191	157
1	191	158
1	191	159
1	191	164
1	191	165
1	191	190
1	190	151
1	190	152
1	190	153
1	190	154
1	190	155
1	190	156
1	190	157
1	190	158
1	190	159
1	190	185
1	190	186
1	190	187
1	190	188
1	190	189
1	190	190
1	189	151
1	189	152
1	189	153
1	189	154
1	189	155
1	189	156
1	189	157
1	189	158
1	189	159
1	189	164
1	189	184
1	189	185
1	189	186
1	189	187
1	189	188
1	189	189
1	189	190
1	189	191
1	188	151
1	188	152
1	188	153
1	188	154
1	188	155
1	188	156
1	188	157
1	188	158
1	188	159
1	188	164
1	188	184
1	188	185
1	188	186
1	188	187
1	188	188
1	188	189
1	188	190
1	188	191
1	188	192
1	187	151
1	187	152
1	187	153
1	187	154
1	187	155
1	187	156
1	187	157
1	187	158
1	187	159
1	187	160
1	187	161
1	187	162
1	187	163
1	187	164
1	187	183
1	187	184
1	187	185
1	187	186
1	187	187
1	187	188
1	187	189
1	187	190
1	187	191
1	186	151
1	186	152
1	186	153
1	186	154
1	186	155
1	186	156
1	186	157
1	186	158
1	186	159
1	186	160
1	186	161
1	186	162
1	186	163
1	186	164
1	186	165
1	186	166
1	186	167
1	186	182
1	186	183
1	186	184
1	186	185
1	186	186
1	186	187
1	186	188
1	186	189
1	185	151
1	185	152
1	185	153
1	185	154
1	185	155
1	185	156
1	185	157
1	185	158
1	185	159
1	185	160
1	185	161
1	185	162
1	185	163
1	185	164
1	185	165
1	185	166
1	185	167
1	185	168
1	185	181
1	185	182
1	185	183
1	185	184
1	185	185
1	185	186
1	185	187
1	185	188
1	184	150
1	184	151
1	184	152
1	184	153
1	184	154
1	184	155
1	184	156
1	184	157
1	184	158
1	184	163
1	184	164
1	184	166
1	184	167
1	184	168
1	184	169
1	184	180
1	184	181
1	184	182
1	184	183
1	184	184
1	184	185
1	184	186
1	184	187
1	183	150
1	183	151
1	183	152
1	183	153
1	183	154
1	183	155
1	183	156
1	183	157
1	183	158
1	183	159
1	183	162
1	183	163
1	183	167
1	183	168
1	183	169
1	183	170
1	183	171
1	183	172
1	183	179
1	183	180
1	183	181
1	183	182
1	183	183
1	183	184
1	183	185
1	183	186
1	182	149
1	182	150
1	182	151
1	182	152
1	182	153
1	182	154
1	182	155
1	182	156
1	182	159
1	182	160
1	182	161
1	182	162
1	182	168
1	182	169
1	182	170
1	182	171
1	182	172
1	182	173
1	182	174
1	182	175
1	182	178
1	182	179
1	182	180
1	182	181
1	182	182
1	182	183
1	182	184
1	182	185
1	181	147
1	181	148
1	181	149
1	181	150
1	181	151
1	181	152
1	181	153
1	181	154
1	181	155
1	181	156
1	181	168
1	181	169
1	181	170
1	181	171
1	181	172
1	181	173
1	181	174
1	181	175
1	181	176
1	181	177
1	181	178
1	181	179
1	181	180
1	181	181
1	181	182
1	181	183
1	181	184
1	180	146
1	180	147
1	180	148
1	180	149
1	180	150
1	180	151
1	180	152
1	180	153
1	180	154
1	180	155
1	180	172
1	180	173
1	180	174
1	180	175
1	180	176
1	180	177
1	180	178
1	180	179
1	180	180
1	180	181
1	180	182
1	179	144
1	179	145
1	179	146
1	179	147
1	179	148
1	179	149
1	179	150
1	179	151
1	179	152
1	179	153
1	179	175
1	179	176
1	179	177
1	179	178
1	179	179
1	178	129
1	178	130
1	178	141
1	178	142
1	178	143
1	178	144
1	178	145
1	178	146
1	178	147
1	178	148
1	178	149
1	178	150
1	178	151
1	178	152
1	177	126
1	177	128
1	177	129
1	177	130
1	177	131
1	177	132
1	177	133
1	177	134
1	177	135
1	177	136
1	177	137
1	177	141
1	177	142
1	177	143
1	177	144
1	177	145
1	177	146
1	177	147
1	177	148
1	177	149
1	177	150
1	177	151
1	177	152
1	176	123
1	176	124
1	176	125
1	176	126
1	176	127
1	176	128
1	176	129
1	176	130
1	176	131
1	176	132
1	176	133
1	176	134
1	176	135
1	176	136
1	176	137
1	176	138
1	176	141
1	176	142
1	176	143
1	176	144
1	176	150
1	176	151
1	175	122
1	175	123
1	175	124
1	175	125
1	175	126
1	175	127
1	175	128
1	175	129
1	175	130
1	175	131
1	175	132
1	175	133
1	175	134
1	175	135
1	175	136
1	175	137
1	175	138
1	175	141
1	175	142
1	175	143
1	175	144
1	174	123
1	174	124
1	174	125
1	174	126
1	174	129
1	174	130
1	174	131
1	174	132
1	174	133
1	174	134
1	174	135
1	174	136
1	174	137
1	174	138
1	174	139
1	174	141
1	174	142
1	174	143
1	174	144
1	173	130
1	173	131
1	173	132
1	173	133
1	173	134
1	173	135
1	173	136
1	173	137
1	173	138
1	173	139
1	173	140
1	173	141
1	173	142
1	173	143
1	173	144
1	172	138
1	172	139
1	172	140
1	172	141
1	172	142
1	172	143
1	172	144
1	171	139
1	171	140
1	171	141
1	171	142
1	171	143
1	171	144
1	170	140
1	170	141
1	170	142
1	170	143
1	169	139
1	169	140
1	169	141
1	169	142
1	169	143
1	168	137
1	168	138
1	168	139
1	168	140
1	168	141
1	168	142
1	167	135
1	167	136
1	167	137
1	167	138
1	167	139
1	167	140
1	167	141
1	166	132
1	166	133
1	166	134
1	166	135
1	166	136
1	166	137
1	166	138
1	166	139
1	166	140
1	165	130
1	165	131
1	165	132
1	165	133
1	165	134
1	165	135
1	165	136
1	165	137
1	165	138
1	165	139
1	164	129
1	164	130
1	164	131
1	164	132
1	164	133
1	164	134
1	164	135
1	164	136
1	164	137
1	164	138
1	164	139
1	163	129
1	163	130
1	163	131
1	163	132
1	163	133
1	163	134
1	163	135
1	163	136
1	163	137
1	163	138
1	163	139
1	162	128
1	162	129
1	162	130
1	162	131
1	162	132
1	162	133
1	162	134
1	162	135
1	162	136
1	162	137
1	162	138
1	162	139
1	161	127
1	161	128
1	161	129
1	161	130
1	161	131
1	161	132
1	161	133
1	161	134
1	161	135
1	161	136
1	161	137
1	161	138
1	161	139
1	160	126
1	160	127
1	160	128
1	160	129
1	160	130
1	160	131
1	160	132
1	160	133
1	160	134
1	160	135
1	160	136
1	160	137
1	160	138
1	160	139
1	160	140
1	159	125
1	159	126
1	159	127
1	159	128
1	159	137
1	159	138
1	159	139
1	159	140
1	159	141
1	158	124
1	158	125
1	158	126
1	158	127
1	158	138
1	158	139
1	158	140
1	158	141
1	158	142
1	157	123
1	157	124
1	157	125
1	157	126
1	157	139
1	157	140
1	157	141
1	157	142
1	156	122
1	156	123
1	156	124
1	156	125
1	156	140
1	156	141
1	156	142
1	156	143
1	155	121
1	155	122
1	155	123
1	155	124
1	155	140
1	155	141
1	155	142
1	155	143
1	155	144
1	154	120
1	154	121
1	154	122
1	154	123
1	154	141
1	154	142
1	154	143
1	154	144
1	154	145
1	153	119
1	153	120
1	153	121
1	153	122
1	153	142
1	153	143
1	153	144
1	153	145
1	153	146
1	152	118
1	152	119
1	152	120
1	152	143
1	152	144
1	152	145
1	151	117
1	151	118
1	151	119
1	151	120
1	151	143
1	151	144
1	151	145
1	151	146
1	150	115
1	150	116
1	150	117
1	150	118
1	150	119
1	150	143
1	150	144
1	150	145
1	150	146
1	149	115
1	149	116
1	149	117
1	149	118
1	149	142
1	149	143
1	149	144
1	149	145
1	149	146
1	148	114
1	148	115
1	148	116
1	148	141
1	148	142
1	148	143
1	148	144
1	147	142
1	147	143
1	147	144
1	146	143
1	146	144
1	146	145
1	145	143
1	145	144
1	145	145
1	145	146
1	144	144
1	144	145
1	144	146
1	144	147
1	144	148
1	143	145
1	143	146
1	143	147
1	143	148
1	143	149
1	143	150
1	142	146
1	142	147
1	142	148
1	142	149
1	142	150
1	142	151
1	142	152
1	141	147
1	141	148
1	141	149
1	141	150
1	141	151
1	141	152
1	141	153
1	141	154
1	141	155
1	141	156
1	140	151
1	140	152
1	140	153
1	140	154
1	140	155
1	140	156
1	139	153
1	139	154
1	139	155
1	138	155
